1.000000000000000000e+00 0.000000000000000000e+00 0.000000000000000000e+00
2.000000000000000000e+00 8.094291394490200908e-03 1.741374831260632987e-03
3.000000000000000000e+00 5.893212155637603256e-02 8.024672460556421180e-03
4.000000000000000000e+00 7.448168134052825240e-02 9.716290791429712387e-03
5.000000000000000000e+00 1.493183754615166059e-01 1.680490833954923977e-02
6.000000000000000000e+00 3.959812553251916833e-01 2.666558849618778579e-02
7.000000000000000000e+00 4.495881851746663105e-01 2.907910472525114878e-02
8.000000000000000000e+00 4.703919341096279294e-01 2.598918952082918121e-02
9.000000000000000000e+00 4.481681340528259061e-01 2.482619517072194235e-02
1.000000000000000000e+01 3.500426015336551844e-01 2.725518734580807331e-02
1.100000000000000000e+01 3.523856858846918239e-01 2.565385924838385276e-02
1.200000000000000000e+01 3.085061062198239390e-01 1.552310141903706121e-02
1.300000000000000000e+01 2.154217551831865973e-01 1.927260565769860559e-02
1.400000000000000000e+01 1.726782164157909805e-01 1.699629109258636583e-02
1.500000000000000000e+01 1.150241408690712841e-01 1.860756617226161716e-02
1.600000000000000000e+01 6.312127236580516998e-02 1.439129517410227266e-02
1.700000000000000000e+01 2.414086907128656576e-02 9.323407307648330991e-03
1.800000000000000000e+01 2.840102243680772340e-03 0.000000000000000000e+00
1.900000000000000000e+01 2.840102243680772340e-03 0.000000000000000000e+00
2.000000000000000000e+01 5.183186594717410084e-03 0.000000000000000000e+00
2.100000000000000000e+01 4.757171258165293973e-03 0.000000000000000000e+00
2.200000000000000000e+01 7.597273501846066313e-03 1.285366191934368164e-03
2.300000000000000000e+01 1.469752911104799803e-02 3.104966740848568059e-03
2.400000000000000000e+01 4.671968190854870751e-02 9.638048362469295652e-03
2.500000000000000000e+01 6.709741550695824674e-02 9.767818204648226477e-03
2.600000000000000000e+01 1.314967338824197807e-01 1.747930085953255247e-02
2.700000000000000000e+01 1.389520022720817927e-01 1.772058562117125036e-02
2.800000000000000000e+01 1.316387389946037934e-01 1.763460569090549018e-02
2.900000000000000000e+01 1.187872763419483141e-01 1.279261785127881051e-02
3.000000000000000000e+01 7.710877591593297276e-02 1.374495931368697153e-02
3.100000000000000000e+01 4.167850042601533439e-02 7.133545084808096126e-03
3.200000000000000000e+01 7.100255609201931121e-05 1.220628616920155229e-04
3.300000000000000000e+01 4.238852598693552964e-02 1.072101239943056353e-02
3.400000000000000000e+01 1.087049133768815679e-01 2.241644391465628244e-02
3.500000000000000000e+01 1.151661459812553245e-01 2.304733890131218862e-02
3.600000000000000000e+01 1.085629082646975274e-01 2.210424018178598279e-02
3.700000000000000000e+01 1.237574552683896600e-01 2.222290583869513184e-02
3.800000000000000000e+01 9.102527690996875531e-02 1.393525984748527485e-02
3.900000000000000000e+01 8.335700085203066878e-02 1.284146544170204109e-02
4.000000000000000000e+01 5.452996307867083448e-02 7.752891469319000799e-03
4.100000000000000000e+01 2.492189718829877776e-02 4.333818450543394825e-03
4.200000000000000000e+01 1.228344220391934180e-02 3.161148271590630537e-03
4.300000000000000000e+01 0.000000000000000000e+00 0.000000000000000000e+00
4.400000000000000000e+01 0.000000000000000000e+00 0.000000000000000000e+00
