8.686902955426701878e-01
1.007728222229195447e+00
9.972240022837243201e-01
8.806548046366178273e-01
9.963069326405907811e-01
1.022565545261243880e+00
9.994398219877089762e-01
8.681418231425361842e-01
8.619317599659342966e-01
8.694264293674351940e-01
8.710256255205173215e-01
1.014055828839860007e+00
1.003053498727959569e+00
9.027040389810085941e-01
8.907770846644313956e-01
1.050403547271983262e+00
8.692471351277422098e-01
9.025345101125091807e-01
8.691750994479977566e-01
1.096869188672222384e+00
8.707521646919743619e-01
1.060040775892268083e+00
1.011036089140898930e+00
9.161354765889132556e-01
1.008492544589675743e+00
1.018117740368944979e+00
1.022214880041042218e+00
9.196613767943987439e-01
1.009112956454996990e+00
1.017989764791432883e+00
1.023506929073026317e+00
1.021437249836373962e+00
1.031220463505128304e+00
9.332096614584777239e-01
9.355218892680486897e-01
1.055487055058577983e+00
1.047153637682317617e+00
1.037987235467962011e+00
9.171943897725839401e-01
9.188540517198003910e-01
1.028114473617616653e+00
9.016959848314146653e-01
1.045073330597491967e+00
9.047426403630378644e-01
9.560086326618586483e-01
1.026334274030868521e+00
1.013227702222103677e+00
9.686404215878030577e-01
1.035584874752797591e+00
9.718172013525555597e-01
9.779739857032770933e-01
9.768437634220821231e-01
1.022162983520218171e+00
9.635736660287220756e-01
1.023294205283266978e+00
1.010475371588826610e+00
9.961150420390092464e-01
8.573533580007242083e-01
9.657323392040810806e-01
9.986238079480000973e-01
9.973736107160952047e-01
1.010705148489847272e+00
1.005050537252491827e+00
1.003823701742314389e+00
9.837080714364722089e-01
9.349414792843174782e-01
1.006422585398551783e+00
9.919926814597814779e-01
1.009276585239518464e+00
1.019223562885576806e+00
1.010358193255781467e+00
8.833940744172477100e-01
1.034024587418465035e+00
9.524757247793381731e-01
8.815327794075565881e-01
9.969564251736020566e-01
1.030568798021628707e+00
9.234063853634673080e-01
1.003724312125906293e+00
9.326402507909742345e-01
9.252912573044821398e-01
9.361074943122160708e-01
8.866038490528757032e-01
8.974595576004105180e-01
8.849740433613655366e-01
8.893204758215116357e-01
1.022303465687040225e+00
1.047287764497461193e+00
1.061735250507608086e+00
1.024503920482273012e+00
9.699389514894023456e-01
1.164288372634639801e+00
1.024549628512092303e+00
1.038467973907121866e+00
1.165088381890106994e+00
1.040281056373840496e+00
9.827407422508128709e-01
9.911440784474223609e-01
1.022968832222343583e+00
9.547197098811721627e-01
1.034237624805124822e+00
1.038836529090663818e+00
1.028283909622058845e+00
1.062498557216001283e+00
9.850495376761280175e-01
1.032675235971734606e+00
1.027185776933629668e+00
1.029096394187288377e+00
1.066255848558773645e+00
9.793225939136871450e-01
9.397867866898094169e-01
9.411834007313445438e-01
1.022413888732994991e+00
1.017932111815615714e+00
1.016765932815304252e+00
1.035816082442019281e+00
9.522283645908335981e-01
1.462364978648725389e+00
1.078441302701110605e+00
9.477670527587084282e-01
9.509360103044495194e-01
9.539483033269708923e-01
9.976995166857385300e-01
9.663409391919020042e-01
9.844722691144477400e-01
9.678383429171381058e-01
9.873506945035568361e-01
9.469852665430429361e-01
9.803765562991194615e-01
9.310514025565930218e-01
1.022768532555599075e+00
1.022976949956913462e+00
1.149353664682598142e+00
1.030246800345812952e+00
1.037096084783216243e+00
9.722796817004305536e-01
9.771473219778525898e-01
9.714856348710373402e-01
1.031248079513569005e+00
1.009150937265489656e+00
9.968712548304879961e-01
1.029584131319318363e+00
1.018228795448335555e+00
1.015879260427793751e+00
1.026599291243380563e+00
1.032562843563551658e+00
9.492343008649208880e-01
9.274835866325501499e-01
1.063762446127344941e+00
9.430944014792401742e-01
9.860974089201464121e-01
1.057747307167308470e+00
9.978220747035492222e-01
9.536579719835212021e-01
1.022301060302303277e+00
9.942816038029910208e-01
9.866447548251958688e-01
9.739744548413001857e-01
1.045500661131256059e+00
9.923443607962614266e-01
9.649563389522308743e-01
9.740962898188931796e-01
1.009155258293986224e+00
1.162123753172400686e+00
9.936508591099550980e-01
9.888796734500642227e-01
1.194676921852441120e+00
1.036574570567403875e+00
1.015996507324995024e+00
1.058682748930122708e+00
1.179797084634460314e+00
9.653170587058519381e-01
9.686043969347515326e-01
9.831930202370362526e-01
1.055004437667153683e+00
1.066699828143213846e+00
9.590997460544776754e-01
1.176765714479994562e+00
1.180181941108412458e+00
1.216950941539635789e+00
1.218652237931462157e+00
9.664053536634731323e-01
1.100500196862117530e+00
1.190944606496320501e+00
1.196425794101923623e+00
1.116166119975462001e+00
1.154487970908601557e+00
9.581331982827688831e-01
1.166338967541372673e+00
1.087011505353463026e+00
1.127427280261985354e+00
1.114530613846068219e+00
1.124711129716756020e+00
1.159636810906281346e+00
9.764287000375024839e-01
9.572488694838667822e-01
9.827067544549452638e-01
9.890693456609279677e-01
9.712468057420137191e-01
1.337059273392929182e+00
9.787700945516936146e-01
9.634316711220208829e-01
9.840379429656659349e-01
1.161777927001337751e+00
9.721545439745513661e-01
9.753014506147229534e-01
9.853812276916811275e-01
9.824038328433816192e-01
9.798261058927184575e-01
1.007902681111120469e+00
9.771920752295536472e-01
1.171924518781638280e+00
1.117371375238806586e+00
1.134677699081451552e+00
1.199115217504977293e+00
1.189344899609153572e+00
9.617473086320067477e-01
1.161448030423513078e+00
1.183562396146672135e+00
1.152495389080537391e+00
1.472426247279812861e+00
1.123077323561118002e+00
1.007087424007138132e+00
1.049203234721607148e+00
1.069658269476236878e+00
1.010614395272011468e+00
1.002343781783512133e+00
1.165408239988627637e+00
1.221982803286522534e+00
1.160527879642911930e+00
9.731862122283105876e-01
1.148293159959257626e+00
1.171261627614073042e+00
1.135893428253316628e+00
9.985447513672993658e-01
1.112533815268045290e+00
1.112212240122436357e+00
1.064301025112086130e+00
1.114777749834570120e+00
1.109674107757834260e+00
1.133716917591463647e+00
1.085340057507524936e+00
1.208676621585798694e+00
1.218751845589042926e+00
1.097552913088905235e+00
1.095477049028424688e+00
1.107354103945582535e+00
1.062165718951002980e+00
1.104287275577813476e+00
1.156223362274895416e+00
1.151934562383493565e+00
1.129520434580359556e+00
1.089128868081660650e+00
1.122129515106140563e+00
1.101981516051263599e+00
1.105242968673995740e+00
1.175959202789377933e+00
1.535580649207059167e+00
1.113366282256200490e+00
1.155258887151030089e+00
1.138944566954785742e+00
1.162907834338803736e+00
1.113846567804148924e+00
1.159570717562168563e+00
1.164269382975306355e+00
1.077574500085262121e+00
1.109184207518368437e+00
1.178943428587100994e+00
1.166322804176598726e+00
1.175850720572545249e+00
1.146332722851989727e+00
1.140659392326490496e+00
1.104742978975057355e+00
1.115933931660001210e+00
1.124905989312043886e+00
1.126680580622002159e+00
1.127429034211281600e+00
1.150484092914307199e+00
1.126047250083378470e+00
1.164500006137158872e+00
1.303151590682254168e+00
1.155578790440654702e+00
1.269745249151363220e+00
1.284667988422560247e+00
1.325051380937319223e+00
1.133042161630115174e+00
1.155754233644201046e+00
1.159776360844242626e+00
9.609124974425825583e-01
1.214779044324866941e+00
1.151883370285987640e+00
1.116947188695340154e+00
1.221419002290663247e+00
1.238952462734005167e+00
1.221215277166698865e+00
1.285659255214877117e+00
1.169923631024428756e+00
1.193344796081313497e+00
1.211418837589289366e+00
1.149942325441081881e+00
1.097246450981792076e+00
1.493329785671386523e+00
1.291210541525959599e+00
1.127187087945415556e+00
1.133887359053629362e+00
1.440786050348263458e+00
1.154866945873744610e+00
1.294484302813014853e+00
1.144130836253017591e+00
1.264939372110838622e+00
1.147578183498287441e+00
1.104773699570439360e+00
1.257238834172033526e+00
1.162232827666383139e+00
1.629159385849956454e+00
1.658937714072791003e+00
9.629161218654127552e-01
1.292517661414948504e+00
9.972343321804728600e-01
9.816428037999508360e-01
1.294210363889912063e+00
1.054396185234911965e+00
9.834250534951990419e-01
1.109753710818396577e+00
1.150401553416932510e+00
1.648357045685089117e+00
1.179324363043071200e+00
1.207118184566349006e+00
1.585904986280577411e+00
1.795060816545787086e+00
1.529781332083989920e+00
1.304446514173139837e+00
1.791288988916127867e+00
1.212771092906250070e+00
1.505826799939726790e+00
1.542780211664650514e+00
1.971032015844821794e+00
1.966757557369227971e+00
1.986257449076222814e+00
1.403778647242846400e+00
1.083671475769647952e+00
1.115250909078734809e+00
1.145924380901125694e+00
1.464364472790864680e+00
1.111555849882623237e+00
1.170063026639140524e+00
1.991927383648325334e+00
1.074648057021378555e+00
1.934368830868723244e+00
1.097848648771307056e+00
1.029124309930632419e+00
1.037358383884374735e+00
1.197182666745000734e+00
1.010810794855671269e+00
1.202495126474867337e+00
1.471392660811952080e+00
1.797596254644114877e+00
1.116772790686902272e+00
1.172811584449660050e+00
1.121892637939837734e+00
1.124850018243956029e+00
1.467055111682895596e+00
1.113031883009162781e+00
1.087824695420468224e+00
1.038970706503545394e+00
1.077257616318149758e+00
1.094546047099780095e+00
1.202969108905983520e+00
1.031911942532264925e+00
1.157192462671877697e+00
1.206817349450408416e+00
1.034316583631145203e+00
1.165302689937946612e+00
1.013436645836558681e+00
1.902893301819441829e+00
1.161436894238119244e+00
1.176995355667758369e+00
1.133998994939392491e+00
1.068293579550306127e+00
1.230654506574976104e+00
1.217368051210125701e+00
1.027939644993246304e+00
1.213601913180239134e+00
1.063044172893170103e+00
1.088463524549189598e+00
1.240817308884209602e+00
1.821392010999096200e+00
1.749864722761883984e+00
1.781965467679301751e+00
1.028556321004145291e+00
1.243649897491448719e+00
1.206822833546111529e+00
1.106848198648230808e+00
1.180083217370518023e+00
1.180115568275200255e+00
1.170573222005066638e+00
1.130929431581059852e+00
1.026099274401012673e+00
1.035598673587381224e+00
1.409249091147091404e+00
1.432802779282048578e+00
1.186702147674814745e+00
1.658377808428579625e+00
1.041567408585685417e+00
1.240735415514913509e+00
1.051625220502702795e+00
1.338374350518749978e+00
1.194817796940670585e+00
1.194174045327973444e+00
1.041204326897515520e+00
1.161989175512130990e+00
1.295972930932006495e+00
1.184780448144185483e+00
1.165056085422213394e+00
1.263419054861834256e+00
1.272040417872636109e+00
1.053003570248594700e+00
1.031493647730700847e+00
1.350089489775577301e+00
1.026890958030012735e+00
1.296982489878252043e+00
1.339405973059573318e+00
1.379099468611665769e+00
1.357516877658958565e+00
1.329313494830865361e+00
1.158122322735342102e+00
1.310102010755931357e+00
1.301662739997865748e+00
1.135226394006718209e+00
1.289751650234517877e+00
1.287321342678002800e+00
1.128227755372945618e+00
1.396984817143100521e+00
1.164340039089825751e+00
1.088538479866008046e+00
1.768128520432569184e+00
1.201271108572761204e+00
1.777807091673773821e+00
1.241757635987697617e+00
1.096165217410960624e+00
1.584639232689129207e+00
1.174117729007569277e+00
1.554913840453835405e+00
1.089435280372989423e+00
1.588145664783572331e+00
1.128219215212697524e+00
1.693151051595692014e+00
1.114535453055135239e+00
1.770657352531965323e+00
1.065430105969124686e+00
1.143880853832713651e+00
1.806699274784153930e+00
1.697360052392637320e+00
1.817409379899181276e+00
1.802885244791770258e+00
1.105445906307799708e+00
1.203281923166258593e+00
1.864164660457361178e+00
1.884647381308197422e+00
1.170888599189845891e+00
1.664106077267959227e+00
1.363688795299105694e+00
1.294240934649829589e+00
1.871399527136811569e+00
1.651870737309437676e+00
1.182062274011386638e+00
1.572413884802614570e+00
1.216817340904158717e+00
1.790260867337123862e+00
1.232324173575699344e+00
1.380225531731942068e+00
1.216272099437036402e+00
1.427786244390226278e+00
1.414575389182118226e+00
1.158366735476586529e+00
1.415584931121356194e+00
1.167893888951369030e+00
1.259734319898759614e+00
1.854716049365218833e+00
1.262860510296797578e+00
1.263270430792798438e+00
1.219487796805968749e+00
1.294648188559152091e+00
1.085103730629118468e+00
1.012496336985246659e+00
1.102737188103775967e+00
1.034976200669283308e+00
1.036614062496507227e+00
1.437341261489689215e+00
1.797088242776715195e+00
1.283774983903808398e+00
1.108797131514116296e+00
1.413133346127589007e+00
1.035608789858036616e+00
1.015819078688625643e+00
1.493569702575802127e+00
1.181427001057326009e+00
1.728016182436849846e+00
1.201030730521013057e+00
1.187002769491543486e+00
1.035153342659238751e+00
1.706811251152542397e+00
1.263342350624030663e+00
1.746381973885980710e+00
1.047512486236470419e+00
1.314165440971348797e+00
1.028843995332148209e+00
1.808367092184255398e+00
1.807947925930948996e+00
1.761205269810438789e+00
1.773708969427885140e+00
1.223917398361585418e+00
1.713509497259736447e+00
1.025206854565052783e+00
1.574474369574492938e+00
1.551006196437414664e+00
1.025973866829541725e+00
1.208650977698209283e+00
1.013886699407590575e+00
1.019282624801214565e+00
1.239931757426713244e+00
1.268297114423367677e+00
1.206221154763562842e+00
1.498447875459691270e+00
1.462390256163940583e+00
1.564988509667488037e+00
1.569642570591561537e+00
1.127899398607205228e+00
1.084801419081200313e+00
1.027814049358564796e+00
1.093827765118496442e+00
1.274706980579720428e+00
1.228049311880044181e+00
1.156849050457046113e+00
1.530263964077114514e+00
1.135540882281718122e+00
1.274884033045067921e+00
1.605178406159572857e+00
1.105703922654128313e+00
1.557261187729321650e+00
1.029067987415156704e+00
1.013302452744980098e+00
1.006999105597862876e+00
9.703695286764771888e-01
1.086066822917779229e+00
1.311137925862267739e+00
1.023444410847753172e+00
1.043982976400607887e+00
1.218064006594169912e+00
1.067962904097431887e+00
1.303021410136073088e+00
1.036271438308697501e+00
1.783699603705440451e+00
1.033838243502822163e+00
1.046835514736684569e+00
1.032332426670164116e+00
1.383603349513044423e+00
1.329838029347336414e+00
1.587879292838920708e+00
1.836189337139048083e+00
1.204647518034967835e+00
1.085989300619435660e+00
1.308945117385142298e+00
1.173349882380273712e+00
1.243456349170078079e+00
1.187993289463875390e+00
1.247019911419888771e+00
1.241039358942471083e+00
1.258801295756871053e+00
1.221628844741240227e+00
1.678953011549922936e+00
1.443064885664735009e+00
1.332447675660171749e+00
1.210208531335123183e+00
1.140555902094776197e+00
1.118006135298377446e+00
1.134336963006775001e+00
1.198807880379042068e+00
1.421542184566156664e+00
1.206188643467726029e+00
1.120299860382506729e+00
1.206192715482218292e+00
1.209939758838400214e+00
1.163673058349042444e+00
1.230845647945389087e+00
1.215104080770447181e+00
1.401031152735833007e+00
1.776196416348247986e+00
1.292213867583546172e+00
1.325002950089247511e+00
1.452163859924075151e+00
1.354020398903076794e+00
1.232575436607046049e+00
1.538355129734900073e+00
1.542357590553655955e+00
1.297616946153554718e+00
1.252658339294328460e+00
1.267788380792991498e+00
1.319722953788476039e+00
1.084260241742867059e+00
1.303766846359061704e+00
1.350905278648901975e+00
1.393137429549205608e+00
1.121034330316474703e+00
1.325142105387824953e+00
1.509505828627716095e+00
1.301982713871959518e+00
1.238267663074887004e+00
1.232861069836047152e+00
1.159166771155838882e+00
1.375143520248114815e+00
1.178979055198583925e+00
1.939575671377510968e+00
1.155881183350204733e+00
1.113911799227540023e+00
1.201017297636986392e+00
1.414864649315970446e+00
1.882129456976448179e+00
1.375360441648626253e+00
1.473856601422062651e+00
1.185733569649366492e+00
1.432714241628059160e+00
1.372833461052806125e+00
1.328885367696652109e+00
1.375053216065977191e+00
1.407955469680041816e+00
1.138280364314873783e+00
1.480080263064928792e+00
1.430178196113892186e+00
1.431181730141015240e+00
1.428315778421868965e+00
1.159871481674090488e+00
1.374859272635966079e+00
1.146744774284475410e+00
1.348491721965325851e+00
1.402676587515044648e+00
1.426290876821190379e+00
1.411987105493472949e+00
1.396961008714075358e+00
1.374028083427152769e+00
1.340843989151779159e+00
1.352135321197965867e+00
1.377200144580798202e+00
1.127474871427552872e+00
1.183324489287173042e+00
1.112858968253029435e+00
1.134452012026402334e+00
1.374753667897695930e+00
1.332971862145592157e+00
1.401350878335748007e+00
1.283688990189248758e+00
1.380726318330383062e+00
1.423031473356075605e+00
1.388797130284020298e+00
1.119646892184602560e+00
1.110247144320931634e+00
1.457749360402934125e+00
1.088115814054530617e+00
1.437255763237344830e+00
1.499824186982148921e+00
1.074083768229828983e+00
1.506257211429768983e+00
1.315897307842552877e+00
1.280528122897922616e+00
1.570857055354158538e+00
1.095871652146114039e+00
1.081657343264679438e+00
1.083690952575094180e+00
1.146668631428477969e+00
1.178631716372631866e+00
1.354139134848535209e+00
1.212656589786210048e+00
1.124082704901848695e+00
1.119954800148242224e+00
1.612613234553891717e+00
1.094107319781589815e+00
1.143130291126111642e+00
1.131364141333577988e+00
1.080531828489693424e+00
1.247130012155926782e+00
1.257408602274239007e+00
1.062711231012207103e+00
1.208161617823288569e+00
1.144436136194120657e+00
1.216470053414863361e+00
1.303515440258876001e+00
1.181992804352394177e+00
1.071455704659416863e+00
1.078207975974667887e+00
1.067369224914302084e+00
1.086668423529506766e+00
1.628895466188537089e+00
1.087880836213658498e+00
1.529944546792348259e+00
1.527737807239440082e+00
1.158442702011706738e+00
1.115686996494135830e+00
1.298590713361230220e+00
1.286910346042441144e+00
1.427577134121375657e+00
1.167114791364372239e+00
1.140239599248549007e+00
1.333518375212989993e+00
1.147227819436622775e+00
1.713426516615669470e+00
1.151717175577440910e+00
1.149838227805879409e+00
1.141099381938132318e+00
1.148812822309158710e+00
1.508517752561862268e+00
1.144983903131314928e+00
1.141167951777365408e+00
1.329871259519282978e+00
1.143983179471314893e+00
1.341896844410610745e+00
1.172388944814016787e+00
1.271143384781693753e+00
1.151036518065924996e+00
1.148293814402272961e+00
1.371996064940107285e+00
1.105529402696611374e+00
1.829110232801420821e+00
1.387630079911987169e+00
1.128197305405809647e+00
1.122867039164672232e+00
1.143593345564974717e+00
1.157793308511312125e+00
1.255810888361074795e+00
1.149959156081210132e+00
1.293383619121514894e+00
1.361720144006219213e+00
1.173043718883169717e+00
1.100638404645495338e+00
1.197063177038809600e+00
1.284557677995167957e+00
1.342987256641545502e+00
1.169986047170174404e+00
1.190552924234652643e+00
1.833202585985406641e+00
1.106831231925649250e+00
1.114465898771759056e+00
1.137323137953473617e+00
1.188352005124111210e+00
1.151586205709145050e+00
1.103019974500605072e+00
1.458914372441979301e+00
1.423483664073631472e+00
1.185372295040330481e+00
1.122324123465757051e+00
1.120125662750497630e+00
1.127887812651187760e+00
1.092225015636937080e+00
1.086656414680495786e+00
1.353961635397868291e+00
1.254908234224392682e+00
1.173724898451832033e+00
1.092151260184043071e+00
1.087622730161925677e+00
1.083135471783142068e+00
1.382492634338801096e+00
1.398613718611509293e+00
1.153576285928622935e+00
1.148298596558541274e+00
1.142546764468032272e+00
1.151468274010694515e+00
1.413653969008681788e+00
1.141905332952429797e+00
1.150543515372325132e+00
1.169827552822330086e+00
1.132300955385269425e+00
1.204715802862466933e+00
1.364745124472861670e+00
1.246140725931840665e+00
1.318837170059913078e+00
1.297293623206279278e+00
1.321814317497102653e+00
1.179333638349308488e+00
1.358921509769235092e+00
1.358803931079435312e+00
1.183858152209091630e+00
1.605594097168462131e+00
1.381259726266891530e+00
1.607576282235415821e+00
1.410492472935528152e+00
1.172571799369833245e+00
1.367961035044658269e+00
1.551170313965289260e+00
1.480625294831318772e+00
1.406286675524015539e+00
1.490862294573430225e+00
1.096146325163181112e+00
1.509405066585428390e+00
1.070049017728479601e+00
1.544491626755564839e+00
1.553029174475637042e+00
1.554254678117976018e+00
1.465009691664966862e+00
1.688596143077846223e+00
1.068014737561189698e+00
1.701116114049817218e+00
1.677932451424535509e+00
1.095570741181311147e+00
1.200231113798590599e+00
1.311661107748222310e+00
1.447069475849152020e+00
1.070891981728573361e+00
1.091439703543884976e+00
1.093547983137700408e+00
1.426319765785486471e+00
1.510261697751589471e+00
1.512575601179381168e+00
1.091793609137496457e+00
1.075994376867265734e+00
1.093590993052023119e+00
1.072104474817626052e+00
1.481813019273221288e+00
1.100744334544307756e+00
1.097642393789886928e+00
1.539692765515531692e+00
1.543174468528562437e+00
1.550121866449194030e+00
1.394774766243846109e+00
1.510158921191720793e+00
1.388219010468473957e+00
1.018250100325206020e+00
1.419730598361817364e+00
1.424636288458623223e+00
1.402048015781974133e+00
1.424453086689835724e+00
1.591550897591009317e+00
1.091675913812115262e+00
1.101736869790635565e+00
1.524595143339694259e+00
1.491116868417934116e+00
1.438932741044002483e+00
1.092304784239001014e+00
1.427533061889803667e+00
1.084406332576958398e+00
1.342961549177256630e+00
1.346493756394143038e+00
1.110869427267032972e+00
1.351858972120260072e+00
1.633143205242946427e+00
1.108560578842636257e+00
1.369205379945959145e+00
1.101365908260525384e+00
1.306066334441569055e+00
1.310881480313822456e+00
1.527762350118566870e+00
1.327731296607112421e+00
1.097970758572457628e+00
1.316275987830144212e+00
1.348275138300154774e+00
1.372132447834177649e+00
1.347631301180905572e+00
1.303260067976550696e+00
1.311983676587426428e+00
1.069743980237293890e+00
1.076476022973229307e+00
1.370486600417072820e+00
1.496957357072783656e+00
1.523400301356872433e+00
1.318390871307524748e+00
1.060633559622490063e+00
1.529097002450714893e+00
1.233638101751542759e+00
1.112807601271920133e+00
1.181032834129792430e+00
1.346519647554738963e+00
1.459660664386442930e+00
1.510549696472771819e+00
1.184304497939535183e+00
1.487789309859332887e+00
1.347646255418408101e+00
1.184092154419374765e+00
1.295914116779152359e+00
1.544459982479282845e+00
1.445646360567632405e+00
1.528681738477665197e+00
1.567697235662880439e+00
1.562222932395585184e+00
1.131396364396889620e+00
1.567131968546846998e+00
1.174438139756305510e+00
1.160009146736999286e+00
1.550680551378037508e+00
1.146144940317591843e+00
1.171471493783835305e+00
1.491366320945515023e+00
1.458416646629176805e+00
1.204176495709655237e+00
1.521567323261953097e+00
1.147349896250804857e+00
1.125348070092462294e+00
1.191291378583585470e+00
1.578483206223893820e+00
1.637458865263212715e+00
1.183420305908982062e+00
1.304402165601934671e+00
1.173131329857283189e+00
1.173283998156666508e+00
1.216044979569971707e+00
1.180185973934280597e+00
1.217180399958033288e+00
1.177297006221520004e+00
1.489584141096675030e+00
1.487999987347224495e+00
1.413751096076531377e+00
1.479142144125480174e+00
1.178982674266687791e+00
1.382477035655184094e+00
1.161663920295165964e+00
1.515245730702111659e+00
1.169972047484036048e+00
1.556518700300950853e+00
1.162437067901987087e+00
1.527088747109956346e+00
1.173794625034634942e+00
1.475529250482563226e+00
1.469468048919151837e+00
1.147543248926504722e+00
1.239468312130141969e+00
1.253950180672667170e+00
1.273365100471571143e+00
1.268729144109991935e+00
1.423925038809555677e+00
1.408912424022864762e+00
1.481257694987666129e+00
1.059421054154111141e+00
1.114475755042712013e+00
1.135662534376596255e+00
1.067966057206447772e+00
1.113098072727687127e+00
1.512338349807683446e+00
1.091486431509621768e+00
1.102562834758855193e+00
1.136750762289670424e+00
1.183250743103247293e+00
1.185016827673031070e+00
1.186274311936129644e+00
1.118067110544685994e+00
1.129048141011400386e+00
1.206077257393769031e+00
1.459955243221044752e+00
1.180001108290793077e+00
1.648775823669470064e+00
1.254561453680082650e+00
1.173923444419247675e+00
1.214418234285314480e+00
1.731514444512848305e+00
1.583086374546662567e+00
1.174875524059125986e+00
1.726350920018433932e+00
1.502767704660934678e+00
1.672575110047972435e+00
1.221399201730328787e+00
1.527828440981589653e+00
1.314899873259496310e+00
1.294432159231519996e+00
1.875160296408357130e+00
1.486255382867834651e+00
1.955373355288657189e+00
1.170117187378440837e+00
1.216154083406585595e+00
1.404229488889095379e+00
1.379080552038100871e+00
1.428544368241832618e+00
1.882781591129323528e+00
1.450759172068496250e+00
1.497396003028297118e+00
1.363519697285331844e+00
1.397621533848921294e+00
1.221476030426585258e+00
1.244846006635450975e+00
1.406361725160782283e+00
1.355041858553974299e+00
1.368631708560371196e+00
1.399939684604658119e+00
1.356552804341950580e+00
1.357016299242198576e+00
1.340649425753335899e+00
1.861755393559026972e+00
1.392623030991398947e+00
1.234163415393821461e+00
1.125476447577111294e+00
1.855328828929422524e+00
1.284166684960087235e+00
1.345109157945405309e+00
1.119361353796061165e+00
1.108696826892758169e+00
1.447909337550804310e+00
1.326150391680846141e+00
1.329734501585117190e+00
1.126149604510279234e+00
1.150111419778653055e+00
1.363432533441088168e+00
1.264328905592068342e+00
1.343355764555463905e+00
1.378936559465338441e+00
1.210784752712402046e+00
1.344109621174413238e+00
2.028256364429513514e+00
1.165287951088527008e+00
1.153979406986181289e+00
1.185291400873454748e+00
1.162980542868325307e+00
1.139625825157647654e+00
1.319691398685181927e+00
1.893008973911519899e+00
1.307138503455219203e+00
1.947551454833023277e+00
1.124795889761689649e+00
1.938774614632301274e+00
1.128480618922836465e+00
1.414458453752649669e+00
1.422817673365568414e+00
1.130326447503054776e+00
1.448242999756926164e+00
1.251137380866407467e+00
1.420279067861406119e+00
1.399652969255959167e+00
1.396879909396975483e+00
1.115788393529409506e+00
1.306001845045547727e+00
1.129609446645283732e+00
1.233583917086645165e+00
1.185139225229527860e+00
2.240199026488172152e+00
2.269305231810251566e+00
1.420334822355986848e+00
1.130632025328409451e+00
1.120683938307038607e+00
2.290206016966032987e+00
1.260140372991469526e+00
1.182222958320169104e+00
2.227044803037837362e+00
2.041425005329564168e+00
1.111143346400778942e+00
1.124934869052506725e+00
1.140658064733523158e+00
1.437292953185256073e+00
1.268572097993620806e+00
1.244517050623839660e+00
1.436885784504965624e+00
1.160861560624200317e+00
1.166739949622409123e+00
1.202950809379514263e+00
1.217976964083914648e+00
1.499792236782969690e+00
1.468087698986776601e+00
1.460906928959128770e+00
2.352178909313898281e+00
1.435683030234102375e+00
1.388745579228685800e+00
1.449884503969081972e+00
2.353349968063665809e+00
1.412275561647217348e+00
1.414497359396458265e+00
1.434845203455644258e+00
1.434649686531451307e+00
1.444117679714303382e+00
1.415490557862414400e+00
1.280381435155971248e+00
1.414543884444400268e+00
2.362262042974336396e+00
1.441847605118256492e+00
1.116971759207686432e+00
2.262389287139010108e+00
1.016061614168929594e+00
1.506177436886392718e+00
1.079608732676796246e+00
1.135461555276798151e+00
1.077107970594834985e+00
1.436565709150755543e+00
1.375658322531403632e+00
1.462102107660761208e+00
1.450994765483138993e+00
2.345361541358685464e+00
1.435305624785827572e+00
1.389354340328271986e+00
1.411191183720703624e+00
1.231176056527576446e+00
1.351075865236982310e+00
1.395233505130436757e+00
1.356043534777880311e+00
1.422862138742779115e+00
1.314819486328279163e+00
1.354618918962215757e+00
1.480918300383928354e+00
2.291163614834571760e+00
2.414900109315060828e+00
1.251554053550239631e+00
1.438100480608312193e+00
1.331975487583251905e+00
1.311879156550179282e+00
2.272604014917785076e+00
1.344926801694704466e+00
1.355348164736559946e+00
2.320895977966995094e+00
1.306614345688527301e+00
1.288249943594835356e+00
1.436737303246544029e+00
1.281224885449117945e+00
2.306331737903175139e+00
1.309620544865240044e+00
1.420506533126547621e+00
1.310194348215443227e+00
1.267010826537626977e+00
1.440885519778333901e+00
1.441252536520751137e+00
1.321479442944376137e+00
1.372750990851807629e+00
1.313305306010587037e+00
1.330250283836092784e+00
1.307488074818617285e+00
1.405033589721031984e+00
1.125547130462672074e+00
1.154187994614266133e+00
1.137696772740766971e+00
1.278065713328080832e+00
1.256225069154945473e+00
2.006610602384911068e+00
1.302183826059985838e+00
1.275920100139839475e+00
1.249151526935690315e+00
1.120297017582381649e+00
1.127305554651521602e+00
1.118952955118994064e+00
1.252414026016860138e+00
1.498835949840397808e+00
2.163786228549382962e+00
2.136135345005707453e+00
2.066650927791987780e+00
1.275296394301001612e+00
1.269826758244287701e+00
1.549705598625191527e+00
1.387293674270070776e+00
1.118429305376073435e+00
1.425642368540687821e+00
1.408124315218344691e+00
1.395779553069732559e+00
1.383587200683285223e+00
1.568409750069048592e+00
1.314422272507288492e+00
1.368211000466700300e+00
1.407456203410969664e+00
1.384652073671855943e+00
1.423993987357774937e+00
1.070215170405297567e+00
1.078676438002432958e+00
1.645597545069565681e+00
1.134489931732393986e+00
1.448673871455419260e+00
1.477844955895549539e+00
1.090173472093818763e+00
1.095848323305183447e+00
1.375907820917742885e+00
1.380925932064157369e+00
1.187379892563085848e+00
1.296804320544439948e+00
1.361449312368826714e+00
1.239120172552139243e+00
1.228451372286600396e+00
1.837547805016242375e+00
1.358590665842975165e+00
1.651585405922035177e+00
1.627831650552076903e+00
1.340944744964664537e+00
1.371505590297817934e+00
1.232985664342233001e+00
1.250419891577787102e+00
1.244834597745564153e+00
1.407291940436630640e+00
1.238835147034768269e+00
1.262336066519809341e+00
1.400328377171773608e+00
1.452282337998491268e+00
1.236240749840852970e+00
1.434478610233586471e+00
1.436508174504199653e+00
1.072630746350448971e+00
1.237992102774869485e+00
1.343311914089960091e+00
1.219042771818561022e+00
1.230696409255825019e+00
1.312360428625777731e+00
1.209223114836765367e+00
1.101173489214616996e+00
1.663476972070835336e+00
1.197775663808696045e+00
1.292856745254605588e+00
1.230917954846898699e+00
1.079183435884411679e+00
1.228310447352398471e+00
1.211189794686841958e+00
1.271741114469286060e+00
1.321055473856791895e+00
1.109235726111691411e+00
1.350687886909254676e+00
1.390536935641175642e+00
1.345612392645939126e+00
1.312082227321119232e+00
1.895742366940488033e+00
1.314256688967869735e+00
1.481385356279385945e+00
1.472496212074690058e+00
1.401372616152901429e+00
1.961207862537881264e+00
1.917425066574119485e+00
1.315317864031124273e+00
1.350489063395746703e+00
1.358845170525166068e+00
1.084408972622505241e+00
1.176024031898839084e+00
1.174526598815260003e+00
2.023571603287135368e+00
1.294233322634825933e+00
1.327041935846735576e+00
1.230833761425750517e+00
1.312705242126238181e+00
1.915354267302537217e+00
1.296256643652224705e+00
1.308201201248846202e+00
1.021318492486260388e+00
1.028359620041966904e+00
1.338096932449935217e+00
1.247072744241536357e+00
1.210450712788712746e+00
1.239278725419548532e+00
1.256052563325869009e+00
1.293966541966748318e+00
1.299771911754229903e+00
1.287378718786615028e+00
2.106763019888246546e+00
1.256646808682949645e+00
1.272335514130296108e+00
1.151417198686296217e+00
1.161416749751515542e+00
1.292977438264527823e+00
1.264617474204704495e+00
1.289464217439223015e+00
1.319476250819388463e+00
1.236152632121871431e+00
1.315303391194549976e+00
1.176913279851149685e+00
2.040486687513252129e+00
1.293479709969064251e+00
1.746140858393136819e+00
1.268239721866903702e+00
1.289314158920844555e+00
1.457373252684558862e+00
1.074218250936597174e+00
1.240829179735740251e+00
1.258833838475001965e+00
1.267629892200826669e+00
1.279287786206607658e+00
1.784017497458593837e+00
1.185394941817963232e+00
1.686872345003016527e+00
1.841578533755122038e+00
1.815670599709518607e+00
1.760482975195081456e+00
1.189195246337768408e+00
1.152458346271817424e+00
1.195509825093740153e+00
1.234601365812719953e+00
1.209131279960309557e+00
1.204159206278222927e+00
1.252652754148012582e+00
1.248921186399521766e+00
1.263141898539383634e+00
1.275598086526273489e+00
1.126680948039565644e+00
1.240515746696901012e+00
1.260948334067554466e+00
1.715512967755063789e+00
1.811874115663263840e+00
1.752263519025283101e+00
1.790916671205204036e+00
1.745506512140279520e+00
1.240230586613444430e+00
1.678703258258181785e+00
1.638793747751596364e+00
1.228042725956733694e+00
1.238439711842727498e+00
1.191128578745444866e+00
1.224493856873453135e+00
1.208634790355436639e+00
1.240112146841243934e+00
1.244059603461827423e+00
1.410835833406884898e+00
1.532286662198345306e+00
1.468906361983757458e+00
1.200348015502583188e+00
1.224380800647334677e+00
1.221013522513465732e+00
1.479584352430668659e+00
1.287402103035879986e+00
1.363308579612385385e+00
1.431280129516097732e+00
1.367179811381729726e+00
1.399121622318218350e+00
1.388688820814915736e+00
1.378922400231380463e+00
1.802887155548831499e+00
1.376256110137464406e+00
1.356823275643164406e+00
1.112346797867282078e+00
1.739370197471692858e+00
1.699409359173555956e+00
1.564801819651237214e+00
1.546671676124520944e+00
1.408868806330026979e+00
1.354967746909214732e+00
1.207874256089759957e+00
1.414967122550711442e+00
1.635306888667316771e+00
1.171450821770010142e+00
1.618669383478330781e+00
1.613234281485969479e+00
2.016871906408392867e+00
1.458013676078353527e+00
1.609201138537604603e+00
1.071665912143172195e+00
1.383258924954845481e+00
1.910405721488027453e+00
1.888834357411362852e+00
1.273711926516332582e+00
1.135360945338036220e+00
1.372557005309682276e+00
1.103884831532866428e+00
1.341098276593771121e+00
1.155044499488161458e+00
1.296244436318291893e+00
1.142408325898666366e+00
1.672449410162815786e+00
1.177434215169771203e+00
1.190703918109817128e+00
1.362024309286406609e+00
1.397013616523522517e+00
1.347681605624477807e+00
2.053396780828090407e+00
1.388344956568432265e+00
1.387121836261163921e+00
1.306591019062675718e+00
1.356345382191870508e+00
1.170017082241374240e+00
1.369598689941350367e+00
1.204650517233248674e+00
1.708362380697445060e+00
1.367443412417664428e+00
1.616426979797358054e+00
1.185856405103134392e+00
1.135606368194699511e+00
1.378285315131263511e+00
1.341206061873016608e+00
1.323356011264203103e+00
1.366989288112210099e+00
1.367952859813829525e+00
1.134771500579563996e+00
1.161934274197950590e+00
1.168935987212690764e+00
1.046226630330020724e+00
1.159987413423943625e+00
1.390653622294223402e+00
1.368985402768744697e+00
1.168857864747198771e+00
1.165193296957076408e+00
1.448006986953927822e+00
1.170541369518437458e+00
1.077194535383517948e+00
1.485725950961586772e+00
1.367715906683909299e+00
1.182973858023706804e+00
1.365399320769998592e+00
1.148108253586360261e+00
1.134728648365651349e+00
1.178768417009638858e+00
1.440852568963649549e+00
1.385770938200387103e+00
1.110222738232960138e+00
1.412608476844347649e+00
1.094317439583677887e+00
1.427547472132140394e+00
1.227269717309733332e+00
1.143245029555002068e+00
1.360965669748225748e+00
1.334003744107877587e+00
1.319705534991030271e+00
1.379127298679695857e+00
1.398627232658135711e+00
1.376522875157360826e+00
1.115348615110950181e+00
1.383425360032050300e+00
1.426903522026756743e+00
1.440939445813837816e+00
1.154702647551864914e+00
1.395558340003764330e+00
1.144948246395617319e+00
1.165325442450034110e+00
1.152989463093143430e+00
1.145010478868838444e+00
1.368835571098799164e+00
1.400754444152760403e+00
1.394777717923465499e+00
1.393408086127351231e+00
1.087606079359904498e+00
1.372349183976842024e+00
1.314910647696329482e+00
1.651351835738237739e+00
1.307371698826800044e+00
1.271149504120270946e+00
1.335312927313407227e+00
1.346631032381768733e+00
1.376950319559078872e+00
1.657526843745957601e+00
1.124526758868511944e+00
1.316819632366919013e+00
1.295112220249013735e+00
1.316139959101111145e+00
1.123787275141394870e+00
1.266169484697913905e+00
1.112837501242571969e+00
1.128341259680053277e+00
1.558365596434805767e+00
1.552249006396098974e+00
1.373321956894766771e+00
1.336774392168528891e+00
1.373794727832578388e+00
1.393236231185041696e+00
1.213650344455408758e+00
1.369772741405349326e+00
2.334325558699530845e+00
2.266992467501994568e+00
2.280587841337461175e+00
1.385396178827508873e+00
1.140001515842548718e+00
1.384530481640188659e+00
1.443432178847980252e+00
2.335712704464711909e+00
1.436077907202182091e+00
1.232447725197211241e+00
1.132188182652136277e+00
2.331228099044207358e+00
1.134417607421169150e+00
1.374801319423989421e+00
1.729321776630526220e+00
1.435781227851289144e+00
1.358834342506661796e+00
1.483065618453467627e+00
1.501396414077793340e+00
2.353992656423288921e+00
1.462248872666565003e+00
1.145553202447862740e+00
1.869235345053552377e+00
1.791203467339067323e+00
1.108081812123827170e+00
1.132745489691618701e+00
1.781791410231639006e+00
1.130501578825488629e+00
1.146813272205727374e+00
1.487786674264259590e+00
1.505499694892835638e+00
1.384305467636414599e+00
1.472952743932740338e+00
2.023336863935790486e+00
1.330575902235237695e+00
1.480640730221313150e+00
1.459277205335427485e+00
1.465832756941077175e+00
1.542819335554484805e+00
1.625433380790856974e+00
1.105377936056535892e+00
1.131566561157241635e+00
1.613798451862934025e+00
1.128033706840797956e+00
1.376395492236096141e+00
1.474603289529047068e+00
1.122067904581063535e+00
1.418392614168215271e+00
1.421344748478650999e+00
1.192664329828376113e+00
1.378619546873625534e+00
1.391269433817560408e+00
1.099679187580120177e+00
1.730977380570341007e+00
1.154682588063824067e+00
1.333924651792398386e+00
1.244483933639232598e+00
1.227309069207102254e+00
1.338743997888316883e+00
1.295575415575601186e+00
1.326378952358003849e+00
1.370462995738845224e+00
1.163241602531587260e+00
1.391094045920825195e+00
1.331050797930468876e+00
1.305258555986027469e+00
1.150845237489865669e+00
1.613814117525032010e+00
1.668693699673813979e+00
1.583377908472010542e+00
1.560790655381445680e+00
1.560461199865564197e+00
1.148491042964429942e+00
1.603301822329850301e+00
1.523996980030370763e+00
1.732602750119714985e+00
1.628133987063899557e+00
1.526649654542285184e+00
1.464429065875382463e+00
1.888534000821122216e+00
1.534049986518402520e+00
1.532436804998920099e+00
1.508320088435432860e+00
1.528235118119026792e+00
1.523595717855545484e+00
1.266688609044876124e+00
1.307734025092548213e+00
1.444749451139886176e+00
1.342079500698251326e+00
1.659703441617162323e+00
1.624310727838551127e+00
1.319818069840896113e+00
1.408605160408762824e+00
1.379393227209086970e+00
1.637095543099673201e+00
1.259646212393681131e+00
1.289020543492800597e+00
1.269575149270643744e+00
1.274566143784711336e+00
1.238294309416493766e+00
1.232443922115216806e+00
1.258940432095858597e+00
1.302185527049575464e+00
1.257036366385749560e+00
1.286243401643791584e+00
1.297331943564850931e+00
1.128368123131829215e+00
1.690378925880978267e+00
1.326776074037142150e+00
1.608490530379473427e+00
1.366991316510873355e+00
1.381813053232034738e+00
1.266431061703427119e+00
1.290046145896374119e+00
1.079679781596716737e+00
1.106567817094552542e+00
1.352440732130255618e+00
1.417262968924573485e+00
1.313990605945439816e+00
1.381131121896407965e+00
1.258035651841945768e+00
1.165300684352874594e+00
1.238047632590631331e+00
1.848545593873765158e+00
1.087903249787820270e+00
1.552844806940515632e+00
1.909983902513977982e+00
1.581716602730586452e+00
2.022000656198696511e+00
2.111088784935665874e+00
1.120792856186674680e+00
1.196321864377293487e+00
1.483407638154162100e+00
1.723108007684226228e+00
1.184995226314858208e+00
1.074732983829521205e+00
2.181490550448776045e+00
1.517099877318248247e+00
1.092306953926102775e+00
1.232784763143490947e+00
1.935852081658597124e+00
1.491766558187022973e+00
1.109046897437651946e+00
1.098568882941349134e+00
1.456399912379262807e+00
1.089550067458416649e+00
1.997171552118011562e+00
1.164348250106818528e+00
1.472577853274341431e+00
1.109182421054624834e+00
1.276266551622440515e+00
1.115728064653512153e+00
1.135757578579490668e+00
1.145859099261314684e+00
1.435797137961942971e+00
1.317677713316941945e+00
1.366900738547162319e+00
1.100933275081290574e+00
1.319831936327138910e+00
1.505495021934743827e+00
1.315161104955428817e+00
1.898887605938129663e+00
1.195780917442754721e+00
1.317566728854931313e+00
1.603042318952168976e+00
1.445758845323769526e+00
1.837315750026095484e+00
1.631546307092929915e+00
1.637416300195543073e+00
1.355071322607644513e+00
1.366126184588056125e+00
1.356048321411490676e+00
1.553129167134255972e+00
1.844958729148513221e+00
1.859872992273592596e+00
1.321487427118197777e+00
1.407049732434422440e+00
1.651024845946245545e+00
1.186021170609895092e+00
1.331627101550281411e+00
1.896592545779399952e+00
1.323496060745751990e+00
1.455211018422294167e+00
1.323773661071544039e+00
1.318718377500099903e+00
1.365364082932993162e+00
1.073751517112438103e+00
1.352244630534049641e+00
1.448215893607458282e+00
1.404333888386179341e+00
1.426781408193035672e+00
1.312366689247968177e+00
1.535279380013069739e+00
1.479421998524212745e+00
1.302597141095551692e+00
1.653121990629526028e+00
1.299244448257976581e+00
1.660003292666826447e+00
1.357173202819749847e+00
1.381008298168388215e+00
1.374785152927580967e+00
1.611911479976918304e+00
1.464480845320514035e+00
1.745076730320027192e+00
1.406168229201379072e+00
1.114066560337304113e+00
1.124453527036391343e+00
1.425428945962424976e+00
1.515467219465695736e+00
1.593380054888131614e+00
1.672592457014052014e+00
1.580600059905859611e+00
1.386279885049717997e+00
1.622489964065326307e+00
1.414202926390288217e+00
1.312007293838259869e+00
1.648201194534256508e+00
1.681712874925803458e+00
1.745609067026784089e+00
1.701595125340174652e+00
1.463421818882219005e+00
1.632421053149909262e+00
1.685033300854146487e+00
1.686438827593109036e+00
1.665191955279107239e+00
1.719677398460963236e+00
1.774606633664657318e+00
1.328031767030859900e+00
1.464519125138617595e+00
1.521492156290310982e+00
1.519605514096099563e+00
1.388515543420680176e+00
1.809747937332360612e+00
1.408234498984333616e+00
1.427796023892421440e+00
1.116773718332117360e+00
1.484505547995345065e+00
1.419682052105978753e+00
1.072495245552533616e+00
1.499754242673666971e+00
1.347929330092314082e+00
1.779743607865368560e+00
1.569592913800738065e+00
1.335710452730044517e+00
1.109465394049463871e+00
1.343192970753175119e+00
1.473345602029062507e+00
1.485778320240392025e+00
1.466382635093359532e+00
1.572174798117959460e+00
1.445023068414318157e+00
1.464622620913680118e+00
1.514171455589183646e+00
1.464308779390570248e+00
1.443231089603537187e+00
1.456114520888093899e+00
1.499273729764197371e+00
1.481464972508171440e+00
1.320602853438581636e+00
1.334070155075410158e+00
1.355034067654383945e+00
1.756867081299936739e+00
1.487239555577227090e+00
1.431365320787015616e+00
1.484060964264989124e+00
1.386540368521242739e+00
1.407522418798402120e+00
1.356266932902169264e+00
1.374626384826370007e+00
1.271595400562922418e+00
1.303537671645287555e+00
1.329568106305790032e+00
1.333863852057833865e+00
1.281860809546693902e+00
1.359202409244451237e+00
1.199794934098637578e+00
1.187816463094487185e+00
1.200664728133444603e+00
1.070626497564719504e+00
1.623338694598458698e+00
1.071262323247026860e+00
1.186691531723562676e+00
1.657798432185959348e+00
1.067542877385613487e+00
1.432854850587889750e+00
1.549794311497444399e+00
1.399073849273616332e+00
1.183215314959513709e+00
1.169543760750028749e+00
1.133901975023139386e+00
1.399575833049917506e+00
1.105720482703325125e+00
1.214093100592955166e+00
1.379851847894336903e+00
1.587375939224455079e+00
1.700835507062250507e+00
1.209558360278154332e+00
1.488495389347156639e+00
1.245784450238758501e+00
1.754140906876316297e+00
1.476577586692812138e+00
1.227604284172588489e+00
1.318036255140939916e+00
1.612802696917887468e+00
1.285426165903517770e+00
1.310319742966968626e+00
1.344455582642246183e+00
1.355062234896788453e+00
1.624248644693674137e+00
1.237444553789341706e+00
1.426865611425790270e+00
1.662877714956777941e+00
1.243090363213760430e+00
1.247405879920272298e+00
1.302459362425021361e+00
1.234382357233504646e+00
1.257485156621677369e+00
1.549938214070780473e+00
1.335657220776485410e+00
1.298908276930174299e+00
1.264632908279552215e+00
1.361577668509548644e+00
1.340447020584436988e+00
1.206474259683433248e+00
1.215599777161595840e+00
1.286188923690105179e+00
1.287015900767801480e+00
1.264038402084619817e+00
2.571261403919208988e+00
1.229177531807601031e+00
1.224400943334603920e+00
1.389343526561181541e+00
1.350668029857960972e+00
1.364555774172615976e+00
1.274375392363000348e+00
1.191126712745889549e+00
1.354770724522167402e+00
1.369666585124243330e+00
1.369567114796568896e+00
1.368390821532597279e+00
1.294171779568349834e+00
1.397236032807866346e+00
1.308069999344947165e+00
1.301912176328927639e+00
1.217075067891429718e+00
1.442920738531509706e+00
1.312590240523205276e+00
1.228486569842948795e+00
1.327241337224082995e+00
1.201588799011333641e+00
1.330716723111193600e+00
1.220172705667429414e+00
1.145689156431201727e+00
1.181495725903122462e+00
1.367169379138996721e+00
1.392294936038223296e+00
1.290354347990720463e+00
1.283636100918148726e+00
1.234299310206218525e+00
1.388476687889038441e+00
1.303453998099797007e+00
1.298767965987347894e+00
1.351004033898141499e+00
1.394550131263679882e+00
1.257779966415040418e+00
1.464785016818664465e+00
1.386422405131208180e+00
1.353894251305151730e+00
1.485960976790148935e+00
1.327539637283583929e+00
1.197583983879382918e+00
1.499146839966960743e+00
1.503158371444418107e+00
1.283585328147725191e+00
1.226119557303341212e+00
1.321519538490082857e+00
1.354075367877033198e+00
1.326135901237591952e+00
1.397665174368190932e+00
1.458832867199779004e+00
1.369627473929643235e+00
1.608116137024730108e+00
1.323519183141599553e+00
1.329493871351760781e+00
1.563729738714665141e+00
1.354444718360453326e+00
1.330381915463448639e+00
1.511749843114559511e+00
1.518243628687851121e+00
1.307714488314774437e+00
1.451349475442783143e+00
1.320046104648778584e+00
1.426488885475292401e+00
1.439881053767416041e+00
1.311999342559598825e+00
1.353840304656567461e+00
1.300071528224766793e+00
1.546984757758416373e+00
1.147961832951270855e+00
1.447223321537197238e+00
1.387429799568881794e+00
1.532293984116537944e+00
1.371148118608662037e+00
1.216023755052635602e+00
1.282104330398073699e+00
1.200667197801531527e+00
1.512937173269883973e+00
1.550727190770546660e+00
1.477226874145897373e+00
1.472350391534228864e+00
1.357263727000792342e+00
1.491588905272869026e+00
1.869975628714025229e+00
1.343563023350666130e+00
1.348548924344034949e+00
1.507657695393596509e+00
1.935938383231387450e+00
1.344923994603897999e+00
1.995355764870324178e+00
1.218934931054269866e+00
1.539379286521428192e+00
1.718305380952699801e+00
1.263303778041308112e+00
1.311595189120064342e+00
1.281752255978716004e+00
1.431499050766360748e+00
1.399848583028723281e+00
1.259413128168535012e+00
1.373843113255945436e+00
1.291198288648684800e+00
1.509176896099639675e+00
1.198471979213475258e+00
1.257788177283472031e+00
1.335840359022664625e+00
1.362212731112641517e+00
1.352297111681882269e+00
1.243511899762695716e+00
1.565115216841335144e+00
1.239436322159993331e+00
1.242521121642251591e+00
1.232376319103457796e+00
1.271512447453998940e+00
1.756802589666357717e+00
1.262617025216138833e+00
1.385670770581191924e+00
1.444139373717876484e+00
1.297720536078199594e+00
1.398593614528281126e+00
1.596629872862700195e+00
1.541295630327492949e+00
1.569937245137256410e+00
1.234719694163776138e+00
1.611414749980180083e+00
1.679382119837223852e+00
1.235150549671572451e+00
1.220502976048196242e+00
1.399349929805597581e+00
1.558460587589359347e+00
1.505013483050042122e+00
1.604688875297050954e+00
1.783781089585293245e+00
1.567840399668075646e+00
1.566966977483490453e+00
1.566129384509492573e+00
1.213070767660214155e+00
1.181560903700175080e+00
1.594031479858858846e+00
1.491324934894663334e+00
1.079023757014196283e+00
1.518782819479123747e+00
1.515205049162815509e+00
1.484490085776465573e+00
1.488394550092212665e+00
1.523488993485818010e+00
1.057095778332831193e+00
1.519405815198631382e+00
1.049438807258020301e+00
1.536476738304715539e+00
1.530853714846522662e+00
1.083029790017850047e+00
1.408273965130920402e+00
1.899773209350085867e+00
1.289715431730546147e+00
1.287049927396374249e+00
1.075206532997375897e+00
1.634467791389528468e+00
1.049798547553400407e+00
1.835560538220728288e+00
1.924980439440121094e+00
1.360660981089505617e+00
1.347984036060040802e+00
1.059772673533484921e+00
1.034902052315169518e+00
1.051174989899768875e+00
1.388748844785516523e+00
1.393585073394114637e+00
1.381647106764025246e+00
1.427365996656298819e+00
1.405765738938171250e+00
1.092962307982739523e+00
1.214508909722519681e+00
1.390925131732458020e+00
1.396510069526452069e+00
1.398556961373991436e+00
1.464725707066325322e+00
1.900529914619222938e+00
1.098399367528297699e+00
1.084622453380151175e+00
1.421202556273051032e+00
1.447991323997048996e+00
1.405512454143597267e+00
1.666631045037585190e+00
1.112104886165276030e+00
1.448040883278522539e+00
1.334494711598457561e+00
1.956637219802146888e+00
1.973773341452127683e+00
1.442686120302425268e+00
1.921756507423604043e+00
1.408560460665277070e+00
1.410093914682138960e+00
1.241375600845787686e+00
1.460191275431987457e+00
1.414276167137472173e+00
1.445199773057124881e+00
1.433604136791498229e+00
1.406402646676099266e+00
1.447631486076300433e+00
1.479427793940149227e+00
1.631695029836602862e+00
1.427537248497587008e+00
1.629220814786858762e+00
1.207533465759629498e+00
1.212861513222075249e+00
1.586117399316660626e+00
1.199358947320426250e+00
1.453803045480198453e+00
1.419429194261665250e+00
1.608657166740354638e+00
1.608994859914987696e+00
1.591508373065757986e+00
1.157124046200924239e+00
2.104354468962681413e+00
1.395821746018285792e+00
1.634282517108313071e+00
1.209350275796625240e+00
1.580468813216867607e+00
1.542010577068742672e+00
1.472246447167545380e+00
1.403359117645320175e+00
1.583424832172943386e+00
1.408600195309910097e+00
2.200047428480927714e+00
1.397621190429879867e+00
1.396823565643834808e+00
1.272501427393433193e+00
1.415764921231418949e+00
1.186545580947389711e+00
1.243090815866343846e+00
1.490554322362814599e+00
1.498127208858027970e+00
1.722993439756832057e+00
1.084720907542461088e+00
1.076781885315089227e+00
1.606155036299844241e+00
1.808495538165771466e+00
1.422120224278424327e+00
1.941961304351549789e+00
1.383057755802919786e+00
1.397251755184361732e+00
1.103371536694636168e+00
1.547411465907536865e+00
1.425771797191595081e+00
1.332809343689247861e+00
1.169568528944346930e+00
1.147229829163002757e+00
1.138310507890258449e+00
1.347040864951002614e+00
1.296999868428684977e+00
1.307504410697369668e+00
1.298194722104926813e+00
1.308631244909005176e+00
1.300944870552382060e+00
2.180981385324737509e+00
1.659447704135613710e+00
1.670421327666766986e+00
2.212613015283668272e+00
1.280873447831000433e+00
1.249013154396059644e+00
1.291272022279169596e+00
1.337445107583829618e+00
1.567708567407410714e+00
1.526709480092464988e+00
1.538920227176529654e+00
1.407716118322381416e+00
1.471937221120528161e+00
1.457690743767462438e+00
1.250870648527681039e+00
1.981305505809481504e+00
1.079490352673416531e+00
1.413438949545497980e+00
1.261771582439249251e+00
1.523625354033092849e+00
1.098655044947227655e+00
1.904044737896501749e+00
1.410257748779419673e+00
1.632675005195765250e+00
1.090860951215314678e+00
1.168250148175808745e+00
1.582503454462642178e+00
1.792718000551995816e+00
1.790492527785406018e+00
1.276763831301121810e+00
1.249444301179181593e+00
1.732940801368424211e+00
1.274017339998614107e+00
1.360900748663386395e+00
1.662362561799528349e+00
1.640976503934487019e+00
1.272008214109758173e+00
1.061423949540288847e+00
1.082372790140056606e+00
1.747320180079670493e+00
1.345339727576183142e+00
1.069627439529984958e+00
1.066230700963582745e+00
1.282701154752581285e+00
1.343597666718143513e+00
1.689111445520346200e+00
1.533231819228904724e+00
1.160816736912579694e+00
1.348879665888291113e+00
1.108299100096278966e+00
1.763334354232171330e+00
1.072756481842359833e+00
2.199180619327952169e+00
1.143764622682863941e+00
1.446900099861129663e+00
1.456606554097763961e+00
1.499357709589436816e+00
2.010280021261828587e+00
1.530662686514399295e+00
1.124982177844268350e+00
1.293131778479199578e+00
1.872333187776061614e+00
1.523302412045892229e+00
1.865858522449749923e+00
1.966255646878547703e+00
1.370724688143206693e+00
1.493239770720127257e+00
1.988046236628281394e+00
1.093552064789512945e+00
1.593194403167037088e+00
1.132585033274648101e+00
1.123653172438621839e+00
1.886722418784041233e+00
1.522444306361225408e+00
1.889955302783219881e+00
1.515855701910696407e+00
1.105934278792679137e+00
1.470494906911519628e+00
1.816523684332316924e+00
1.611700460328251872e+00
1.133629568247712216e+00
1.556344278041374984e+00
1.592283320816035852e+00
1.845688765247708973e+00
1.779019905365275545e+00
1.493885666666191936e+00
1.459343098256856264e+00
1.139307817237260601e+00
2.203161103440373303e+00
1.462636819586627279e+00
1.575324199404191994e+00
1.358755433513858524e+00
1.568442757151044864e+00
1.168476331592210427e+00
1.997246979010769641e+00
1.144608308638504601e+00
1.583864423436698754e+00
2.015448428438560313e+00
1.147823391102251511e+00
1.533529701749555052e+00
1.517279912581786405e+00
1.929746346459194628e+00
1.560152712392623320e+00
1.779299263086059124e+00
2.385673925402466367e+00
1.482907493484549644e+00
2.339586511630842747e+00
1.824199308826828680e+00
1.154118052605288547e+00
1.888444031986197258e+00
1.518177773723457857e+00
2.268105911521540730e+00
1.500338427249239714e+00
1.517371229569613789e+00
2.188215877696413791e+00
1.463934781546743835e+00
1.210509376166932327e+00
1.250537069316216332e+00
1.749848449257424443e+00
1.688340374957923107e+00
1.439130774279021585e+00
1.813010881857158418e+00
2.215610714477627585e+00
1.228343529107475129e+00
1.340377016950197619e+00
1.356061183333536535e+00
1.274553985713795745e+00
1.320169507254769892e+00
1.285865752870553491e+00
2.208306977631129708e+00
2.192629251417984815e+00
1.378381806228062612e+00
2.091619724497967070e+00
1.423181231780157319e+00
1.337771895949160239e+00
1.489914888889038558e+00
2.100041809068366128e+00
1.375733515111352334e+00
2.153549043786006312e+00
1.194053189608653476e+00
2.221437284905719345e+00
1.430348539667369190e+00
1.217477891636749243e+00
1.919463291363247670e+00
1.214429688189186507e+00
1.465282774476935224e+00
1.890057479320139677e+00
1.900536940077214521e+00
1.201973907924309248e+00
1.472988761736458541e+00
1.396777880260725357e+00
1.447733685464686282e+00
1.391735838902030453e+00
1.346641019786212867e+00
1.448738980670782883e+00
1.350767175228427597e+00
1.404133151264446377e+00
1.160719157267302570e+00
1.148221519640614474e+00
1.165101969514062974e+00
1.443925112247181231e+00
1.464459234344394067e+00
1.324214538155514820e+00
1.291663864320372390e+00
1.362826782221583155e+00
1.126840775603662248e+00
1.307023865622111591e+00
2.066056496319127245e+00
1.399370599674481852e+00
1.479389465770714285e+00
1.364653772596109427e+00
1.377380238213926189e+00
1.288792787038137044e+00
1.339956772827336051e+00
1.099544193440088913e+00
1.376379627179589393e+00
1.328394639086175388e+00
1.438461910534687194e+00
2.032323077456633431e+00
1.248064948194785639e+00
1.449630627364564495e+00
1.088260128168163643e+00
1.349886696227877714e+00
1.271033009216273379e+00
1.449016226110734662e+00
1.436442552312933385e+00
1.348161776784269517e+00
1.225725566688061097e+00
1.106198331800500201e+00
1.864462898193468554e+00
1.341848394445478654e+00
1.368445475096001118e+00
1.490076554706906808e+00
1.436923075003366135e+00
2.041985093122638428e+00
1.086171807751843632e+00
1.411257893267786612e+00
1.476833800063522828e+00
1.269232254165032492e+00
2.079490025898978800e+00
2.048956546747260798e+00
1.305014286948783298e+00
1.838090340877520656e+00
1.287943057804888713e+00
1.326912547085304483e+00
1.233924578596946597e+00
1.213774115557736621e+00
1.304841104814077779e+00
1.204979237969952877e+00
1.701588213529106053e+00
1.207024856117941747e+00
1.190663125563900415e+00
1.175831033712102069e+00
1.191973534391885803e+00
1.387949016584152595e+00
1.168729930442495402e+00
1.094373506705721644e+00
1.225177857430946871e+00
1.204594996609609892e+00
1.078837138158347919e+00
1.082061256365711932e+00
1.411602717683909436e+00
1.344879960200753288e+00
1.391433839866165201e+00
1.362810383593443087e+00
1.196112287549973896e+00
1.119824838079782392e+00
1.187862491066384862e+00
1.201048916544976031e+00
1.176908111902758236e+00
1.369207230932704134e+00
1.409767111896603309e+00
1.397611563576527605e+00
1.209619446194946990e+00
1.388437107386943481e+00
1.380939296530033777e+00
1.168668725959907562e+00
1.179072881098713887e+00
1.376447705123379883e+00
1.199195799185765576e+00
1.682231847681217696e+00
1.191555060801880561e+00
1.554751726177059590e+00
1.708252906514064584e+00
1.735184663566722074e+00
1.369290805812440226e+00
1.780284194445822976e+00
1.681587329459394375e+00
1.822394147851315482e+00
1.711171530922530604e+00
1.827102726731131499e+00
1.394833856860259624e+00
1.211481286612219321e+00
1.799820878392542678e+00
1.206393486049007979e+00
1.258180285911853158e+00
1.173739449846439964e+00
1.718298906053325581e+00
1.719382846840354029e+00
1.404752205145732624e+00
1.125303607670173012e+00
1.182580181264761832e+00
1.232284897442663674e+00
1.649642043637801647e+00
1.184757032332663718e+00
1.136753171580153099e+00
1.614682403293279389e+00
1.208900248726332949e+00
1.204251657530824859e+00
1.686081474914726597e+00
1.159292704339005997e+00
1.162746354610313393e+00
1.166649106040159811e+00
1.150746768627173289e+00
1.194989074023831588e+00
1.209927724631105095e+00
1.190409367854694089e+00
1.169975437009838970e+00
1.187638251342562956e+00
1.231536167888904076e+00
1.176804979185615885e+00
1.216013882949397162e+00
1.193910132605031205e+00
1.192779892269216990e+00
1.211659269422491247e+00
1.614076979049415606e+00
1.643550752049759422e+00
1.710483286657942914e+00
1.158253230871932882e+00
1.586853761927804696e+00
1.192336544267891041e+00
1.321406912884009799e+00
1.703022121164927016e+00
1.691937725001681603e+00
1.296154008252966117e+00
1.208329614604255919e+00
1.312218174205759702e+00
1.244694165228722893e+00
1.717539710126487318e+00
1.317297216565651130e+00
1.354148836229663422e+00
1.178304170218270608e+00
1.282076302350109609e+00
1.235511540243222850e+00
1.248446199377798438e+00
1.306893902260432450e+00
1.202200137213317532e+00
1.224341182944460593e+00
1.307279342817564194e+00
1.230845606845394347e+00
1.219894333017347510e+00
1.265467947536583537e+00
1.231793669036152616e+00
1.246415008639917721e+00
1.272896760759626433e+00
1.267044683083614398e+00
1.319317638775231227e+00
1.229008454269518102e+00
1.283735723128545336e+00
1.200341368791668195e+00
1.196108252957702733e+00
1.182042746329538652e+00
2.185548057465958038e+00
1.087299234042780283e+00
1.267834068573161055e+00
1.253374016957758741e+00
1.257584186354113953e+00
1.226951943725112848e+00
1.265233944521527709e+00
1.212965882800180806e+00
1.244357931141096163e+00
1.343095443073912154e+00
1.348558353284353695e+00
1.283037958617305074e+00
1.211171131480248908e+00
1.288752225572971755e+00
1.171560752089358948e+00
1.283582588252384804e+00
1.153843292546989918e+00
1.180480392655807176e+00
1.257746227783961057e+00
1.257790002293192932e+00
1.258492399787620064e+00
1.658250687126718637e+00
1.311468124127003421e+00
1.291202544488275761e+00
1.196952045435275336e+00
1.321142912911178025e+00
1.208962665303555450e+00
1.286947551693343295e+00
1.413317175704306150e+00
1.925071939153840672e+00
1.207812160255580025e+00
1.407852283663699966e+00
1.778672925554981576e+00
1.170741238802279094e+00
1.191978615642669714e+00
1.215968787913814575e+00
1.198523156458849881e+00
1.613735977081616424e+00
1.240659817037161883e+00
1.919795560990039451e+00
1.650756416393321269e+00
1.634251531615266817e+00
1.151873429102624469e+00
1.189230584160788862e+00
1.151850760972633614e+00
1.206974230383561331e+00
1.204830514214704218e+00
1.158893679492998041e+00
1.529278305919341996e+00
1.546949387490009320e+00
1.724948883905240038e+00
1.539185582768174188e+00
1.680271037590418182e+00
1.204586724844023626e+00
1.797804731211449347e+00
1.474345871798024676e+00
1.201032630161697812e+00
1.794542393638653088e+00
1.453293409661407409e+00
1.419519307864100632e+00
1.681338969970515906e+00
1.767527183591863782e+00
1.378948819554291383e+00
1.659085536777514358e+00
1.239348522675646436e+00
1.776718010824900995e+00
1.693170140122429057e+00
1.703973486206877386e+00
1.673592128649108446e+00
1.487018356126686536e+00
1.617336063027858373e+00
1.787964214333275237e+00
1.447963902531675728e+00
1.694941091565409508e+00
1.686047000219226266e+00
1.410694065987051271e+00
1.389202810236926489e+00
1.663432541352634075e+00
1.331120262650115738e+00
1.616244136445232016e+00
1.375889900624421180e+00
1.819308646378111627e+00
1.414761243104110333e+00
1.132086046169374471e+00
1.164864757067683332e+00
1.774000609135332640e+00
1.185238833312550755e+00
1.726568744966675117e+00
1.204360037100533853e+00
1.423189796594137135e+00
1.676033915137037811e+00
1.322466662242889779e+00
1.452556360643423750e+00
1.195965411792520694e+00
1.361035654770503145e+00
1.523797433077392016e+00
1.153831904950018306e+00
1.635449786403989858e+00
1.263514626337493674e+00
1.143928330561679196e+00
1.671776720446392028e+00
1.570709769996513350e+00
1.568906587132266051e+00
1.543290016674289999e+00
1.486959852504311508e+00
1.556947812869993397e+00
1.103001871919827792e+00
1.374395963160896850e+00
1.443786844810726055e+00
1.972983690892684328e+00
2.016054110285606438e+00
1.156980862011167455e+00
1.865549734292686557e+00
1.457969455225185174e+00
1.842931948197372716e+00
1.386485934648252316e+00
1.858916171401012507e+00
1.448122076613333808e+00
1.368905512653823653e+00
1.192251643007801398e+00
1.503493705854987761e+00
1.942476392638281979e+00
1.232239233865460193e+00
1.392877922119294398e+00
1.279889402903355400e+00
1.434350249983012304e+00
1.282689683854030704e+00
1.255236469168348190e+00
1.246544476773950416e+00
1.514763442086526357e+00
1.264300045054712163e+00
1.346445070143596157e+00
1.205293934525103472e+00
1.190418176497910263e+00
1.636197413501840003e+00
1.283260738659776523e+00
1.401112472167243439e+00
1.435405871158208724e+00
1.387389660158030225e+00
1.259878476665051705e+00
1.323580428706020662e+00
1.392008422560694347e+00
1.184121798676068371e+00
1.185897650993279706e+00
1.361397889411237072e+00
1.417440071303206262e+00
1.621689373556003844e+00
1.602454353208234039e+00
1.391862072691514518e+00
1.576201039094197842e+00
1.364614392804449183e+00
1.554717089871137548e+00
1.290707116009618183e+00
1.699489436816778776e+00
1.380774473057537088e+00
1.532014599123343590e+00
1.254379231330510658e+00
1.252380154220698705e+00
1.559652831944942974e+00
1.603349466652016719e+00
1.589288386327707858e+00
1.398241844131669298e+00
1.378751803336586867e+00
1.605501102141792868e+00
1.322483833726212366e+00
1.423437968443300505e+00
1.362861157693147751e+00
1.425253774748028501e+00
1.354595733745677988e+00
1.575716448356800248e+00
1.371216430476221992e+00
1.589813892598787248e+00
1.510279395709052785e+00
1.433955993578365229e+00
1.336226959876786413e+00
1.353051910597865115e+00
1.370196021835064837e+00
1.300113537130829000e+00
1.295312710291496749e+00
1.258449777421340343e+00
1.220367561202559292e+00
1.214719350183215196e+00
1.185783880333927343e+00
1.459131574174632684e+00
1.192611682702151121e+00
1.673313477383308490e+00
1.492313715228146709e+00
1.261633004504760125e+00
1.248274544960809695e+00
1.189985394345181691e+00
1.474533241690509922e+00
1.202374634126944342e+00
1.694579839603356231e+00
1.348766926680038614e+00
1.160851017274094454e+00
1.368636117117138173e+00
1.322800786677604590e+00
1.316058151439959856e+00
1.183242951379483099e+00
1.421349798705674905e+00
1.312728073483834912e+00
1.143891765208588041e+00
1.357824672342518690e+00
1.154452781933468675e+00
1.323946021954122143e+00
1.144218566260485792e+00
1.657020063997314052e+00
2.060033269574195192e+00
1.072266792930615109e+00
1.115116649299764617e+00
1.098208937052879364e+00
1.173864406402362448e+00
1.180389780217568463e+00
1.180439201485152578e+00
1.226828150981177812e+00
1.532116430183598776e+00
1.081646129863475636e+00
1.565091586450704897e+00
2.067769474301649257e+00
1.223917513193711004e+00
1.573685184210596333e+00
1.422676617992330694e+00
1.370086400893557599e+00
1.372353121250406094e+00
1.197416175081672085e+00
1.164902735053972460e+00
1.206000375367170863e+00
1.197796535153935027e+00
1.163858997564026998e+00
1.160981709364338865e+00
1.582002789148249544e+00
1.416270319595393179e+00
1.149156108369216334e+00
1.346133203531596267e+00
1.199338866776466617e+00
1.195937891711970957e+00
1.181659448310367067e+00
1.200434351793217225e+00
1.160851904481289942e+00
1.203725210363506326e+00
1.225716778155263587e+00
1.173782813992651608e+00
1.211985249182492730e+00
1.188407815389764588e+00
1.506359787916435655e+00
1.166914753396225635e+00
1.189652988678891354e+00
1.205470686331517438e+00
1.148507702247051343e+00
1.517687699974894056e+00
1.151819567786271925e+00
1.488464369461533376e+00
1.130738867509407442e+00
1.111040889675176224e+00
1.135188533507908604e+00
1.093225773593660577e+00
1.637614222274787146e+00
1.620666460754954352e+00
1.482494053675200041e+00
1.466147194290987166e+00
1.485581218204051313e+00
1.190320400752259866e+00
1.218074755048756064e+00
1.487060080691717578e+00
1.175288039975601606e+00
1.190119674744852807e+00
1.164466012748911705e+00
1.206640079910409780e+00
1.186899757754155349e+00
1.229870699376315768e+00
1.291712700600484709e+00
1.161989002900341461e+00
1.254849899121467161e+00
1.605878557006405360e+00
1.514132789958787750e+00
1.287857760355508585e+00
1.283270513213470743e+00
1.473762766167808547e+00
1.679408629133594566e+00
1.175412091356197175e+00
1.171975235761325340e+00
1.149969267246027549e+00
1.442263093552474063e+00
1.368421010769601320e+00
1.125583797111183282e+00
1.101841979125445459e+00
1.182219886200901016e+00
1.400443737950961998e+00
1.597763247657917773e+00
1.419625092365862651e+00
1.703591716081899188e+00
1.188735607658258031e+00
1.211840635422208878e+00
1.107618813024227489e+00
1.111957304520470924e+00
1.515857925991288324e+00
1.286655920981005785e+00
1.239069458405581470e+00
1.268346236472199351e+00
1.468808738222936894e+00
1.101843378921331551e+00
1.467279072917559990e+00
1.245013773035363647e+00
1.375492225449518102e+00
1.458536022775287710e+00
1.613244614782396891e+00
1.679775064980415289e+00
1.235254740681674068e+00
1.256893699452012125e+00
1.199508234499675030e+00
1.896681590951594831e+00
1.808000691667798199e+00
1.479360462989328440e+00
1.271723482124027305e+00
1.281425520814939434e+00
1.607676207709642036e+00
1.149763164700958962e+00
1.155591120133659055e+00
1.562417391847463755e+00
1.523879798625885629e+00
1.161239699603502817e+00
1.168485944355276418e+00
1.179098824503560072e+00
1.546611509813138996e+00
1.085258119259975951e+00
1.595359546019307739e+00
1.594592525037492825e+00
1.229918904777030919e+00
1.098827521130409046e+00
1.577831999071466651e+00
1.293269845481302527e+00
1.285676026581667575e+00
1.230244916935373967e+00
1.367132008900281415e+00
1.647200191496394517e+00
1.307633755301041312e+00
1.587235820882539228e+00
1.564235326170418494e+00
1.198486527058065576e+00
1.317722149152093181e+00
1.220509527356135937e+00
1.578347758220933317e+00
1.323148517498849097e+00
1.199837475421626776e+00
1.233164662652130650e+00
1.213976024355224892e+00
1.485493674663963537e+00
1.129082750604874397e+00
1.147793942428732894e+00
1.436781228589114168e+00
1.455615632241352486e+00
1.193632412889095384e+00
1.575186914252701298e+00
1.546984830001342903e+00
1.520386029977779385e+00
1.156898470261232381e+00
1.508263168869653281e+00
1.208287885050288279e+00
1.225130784607451728e+00
1.585066325130972453e+00
1.205051434961714296e+00
1.167156224531329833e+00
1.229400127797776188e+00
1.530695132388776747e+00
1.230922371573526908e+00
1.553166212618748654e+00
1.509011786784220321e+00
1.222157950296684392e+00
1.202887085753977736e+00
1.500732759977520647e+00
1.543614716621023453e+00
1.532439730986192794e+00
1.196439619763951301e+00
1.482630630792027837e+00
1.505927550431539030e+00
1.473034930059480718e+00
1.300314209862583059e+00
1.299462076877912819e+00
1.458448987973864464e+00
1.502110437285052891e+00
1.290480856890879213e+00
1.177642559600136085e+00
1.587445785219470995e+00
1.497963006168926192e+00
1.188545714734717151e+00
1.477911696741625036e+00
1.120921179364528841e+00
1.511395936653462169e+00
1.571992185434577749e+00
1.233191975025693443e+00
1.672401980007393929e+00
1.103163618151183467e+00
1.662440934876937337e+00
1.289655715230472399e+00
1.184128815764374121e+00
1.640283939077113784e+00
1.173119618788497132e+00
1.119151844461371503e+00
1.574729340592170068e+00
1.587234737514397143e+00
1.522547524483744308e+00
1.589097010385314146e+00
1.625396877464814649e+00
1.305880485381461620e+00
1.596073789810817267e+00
1.315161048690220769e+00
1.608101742134444789e+00
1.594521180583430064e+00
1.605433035332828551e+00
1.285402138738555911e+00
1.042370767894337025e+00
1.291105786734785710e+00
1.616512586055648848e+00
1.371915877557334351e+00
1.260813512074640208e+00
1.096028163902012631e+00
1.600847471985915593e+00
1.281618748231052596e+00
1.105898513945344330e+00
1.120379195825311092e+00
1.381593079062245710e+00
1.122779241456103749e+00
1.525407269417785150e+00
1.158286356738750245e+00
1.643040692848193984e+00
1.651748655362045071e+00
1.275710434762107326e+00
1.157196738338368114e+00
1.620506545889146111e+00
1.176192518889079164e+00
1.261538911127595419e+00
1.181512906848255051e+00
1.605361544389401152e+00
1.568051742700864448e+00
1.592869269291178114e+00
1.240464070525704843e+00
1.229808267251048859e+00
1.176461307910637188e+00
1.139459457175382440e+00
1.165037391479428752e+00
1.224615371418265708e+00
1.263319880891653924e+00
1.132493121617697662e+00
1.460490065301097040e+00
1.688071073934893418e+00
1.254868479084485733e+00
1.594911278565103618e+00
1.663241556142637467e+00
1.598043501569308855e+00
1.305334596342199616e+00
1.274880256409122836e+00
1.179059287021398950e+00
1.198031226444146835e+00
1.258703741707430712e+00
1.624694321183960621e+00
1.561682859292484737e+00
1.566898177113572599e+00
1.273205453317664659e+00
1.437469697256401835e+00
1.277614056956597022e+00
1.314649258810386412e+00
1.518930195843521069e+00
1.269548225756168547e+00
1.844321325379717491e+00
1.564101194367393255e+00
1.578430010130066563e+00
1.324935681929419573e+00
1.315003130834594192e+00
1.336019870731122605e+00
1.374595559210470830e+00
1.565712529981879042e+00
1.249076823030727867e+00
1.241547686165333619e+00
1.249584453763424419e+00
1.355290280976233941e+00
1.573003234893479263e+00
1.259340299472574642e+00
1.342883593746175164e+00
1.500338743150283261e+00
1.336974704463184116e+00
1.335657339186730796e+00
1.270333914670648490e+00
1.309409442633489906e+00
1.265752184569758132e+00
1.276888004659611831e+00
1.285721710072775803e+00
1.537191793737904488e+00
1.327616094876531205e+00
1.451343266512867825e+00
2.024714494750664340e+00
1.237935501628358859e+00
1.320346686203815123e+00
1.319319233654805412e+00
1.234775486201545647e+00
1.392782742235343374e+00
1.216927776145130702e+00
1.536197426640822927e+00
1.926053224759268545e+00
1.298024202600731591e+00
1.246501998415972867e+00
1.262472061497038833e+00
1.233773493883689731e+00
2.025607712011080697e+00
1.201478500589072018e+00
1.618068765042209867e+00
1.353038482742811022e+00
1.581506999757572141e+00
1.508057940092892402e+00
1.562645395569194129e+00
1.562434641056309692e+00
1.382635241507705670e+00
1.605274494766022020e+00
2.277976092232467664e+00
1.172937038482628314e+00
1.334021694585928453e+00
1.218836337534892511e+00
1.220277488160944390e+00
1.208264998942226720e+00
1.195032428205194730e+00
1.486372230016899332e+00
2.323809408739359039e+00
1.401711653410228298e+00
1.341160339619037023e+00
1.498372815782349265e+00
1.327975694913453575e+00
1.448265340209939689e+00
1.524662569515807142e+00
1.357880506509477669e+00
1.385388698960553056e+00
2.104599467071473384e+00
1.518259012261400365e+00
1.312929163653984377e+00
1.441664229297147992e+00
1.681933923502118233e+00
1.503886191179161225e+00
1.272402903218093240e+00
1.423891187175873929e+00
1.481223263538568924e+00
1.392573487579161107e+00
1.385511924053904220e+00
1.512386285642678851e+00
1.260619983266590971e+00
1.265017784206926565e+00
1.483398619570793109e+00
1.649721586022456554e+00
1.655578769257134208e+00
1.514280495879027244e+00
1.777985618304112059e+00
1.536011426343062203e+00
1.503314514517978262e+00
2.188452781290225690e+00
1.445141973909685573e+00
1.288955724513265233e+00
1.467833360197418502e+00
1.277272349494489312e+00
1.289604720316807507e+00
1.238391873945883237e+00
2.245449374198311698e+00
2.293865568454348747e+00
1.448095988272794399e+00
1.451779512069407474e+00
1.286012013544146404e+00
1.275493236753057591e+00
1.260307096916299940e+00
1.553236336759702185e+00
1.279704815920698513e+00
1.528212777298074254e+00
1.485255878826071907e+00
1.240257417421089414e+00
1.528854563533570188e+00
1.214755075611628765e+00
1.219495114242982181e+00
1.225523828205884014e+00
1.200778001962347075e+00
1.915559123142066555e+00
1.555731315440230800e+00
1.204749563663688905e+00
1.203270756370513839e+00
1.916488927927335606e+00
1.876395879825522695e+00
1.592630513149311255e+00
1.191757678303379420e+00
1.842331336275164766e+00
1.227761717190284374e+00
1.492879200496753489e+00
1.563295491224625966e+00
1.615490495869329246e+00
1.226356974093500973e+00
1.879136112905956058e+00
1.219938216815357412e+00
1.577297898910534402e+00
1.244705041137455170e+00
1.508670557737880946e+00
1.345545337764195715e+00
1.525335085975278560e+00
1.372468808117747630e+00
1.442256928101577573e+00
1.419469853966452977e+00
1.427531399558799485e+00
1.453169565412368192e+00
1.448456450395704920e+00
1.350097364017693868e+00
1.455217547251088650e+00
1.453233468830758879e+00
1.441361451750947653e+00
1.509063911824047199e+00
1.284310970986477951e+00
1.291987974759873925e+00
1.448257792644882747e+00
1.453584568283992295e+00
1.562267090550396365e+00
1.450019006839048386e+00
1.588647517758704497e+00
1.576110332691033067e+00
1.253746564626703419e+00
1.445125333631369857e+00
1.573992030143630538e+00
1.354479459447865963e+00
1.361176382443905597e+00
1.576455050654661294e+00
1.335991958966308069e+00
1.331872212707630121e+00
1.376931247900166966e+00
1.579139782250087887e+00
1.300654049453912275e+00
1.572061093519994124e+00
1.309487716339870600e+00
1.400523529297379000e+00
1.438020502745981588e+00
1.339091397598135780e+00
1.375332269540870289e+00
1.334727272487236105e+00
1.300837709652790330e+00
1.173343854204677683e+00
1.409350996750437401e+00
1.234096998832944658e+00
1.222397190013131185e+00
1.391974668542068860e+00
1.194565802745552352e+00
1.247896349278560635e+00
1.281729125943864789e+00
1.158514916258736260e+00
1.179514578450390649e+00
1.362750959464884781e+00
1.373386270814555221e+00
1.525612498799476358e+00
1.357904432134487083e+00
1.350193268709166006e+00
1.331546628772583452e+00
1.310658156742104730e+00
1.363251674596600793e+00
1.056255673494076452e+00
1.197905014812899349e+00
1.797796618981290617e+00
1.429640438367780320e+00
1.867824019444079386e+00
1.326222032704736264e+00
1.295226833434462765e+00
1.335627116294947125e+00
2.149952062385912299e+00
1.272289843092788253e+00
2.098916951014734078e+00
1.283096041525746633e+00
2.036654573448346106e+00
1.281682084209857964e+00
1.120575005911890187e+00
2.281515127727755221e+00
1.092592869892860863e+00
1.232493411069419231e+00
1.554315118121113448e+00
1.242168248947814302e+00
1.188270080307111787e+00
1.079260792080599884e+00
1.555943702917570226e+00
2.245256905245434531e+00
1.224670369540348469e+00
1.209853230729814655e+00
1.117757589566503507e+00
1.258272012586989508e+00
1.098391116827371228e+00
1.088754596324249091e+00
1.101513680831081254e+00
1.625710318363980500e+00
1.073889898138568721e+00
1.073006778862599431e+00
1.401639819155771294e+00
1.237845996146970551e+00
1.684292363593306474e+00
1.087839052130630035e+00
1.255807954950919347e+00
1.161216427637387305e+00
1.153705399027920242e+00
1.272315420821897414e+00
1.099688149403507342e+00
1.141508871553700510e+00
2.475114790344835392e+00
1.155731910411715413e+00
1.092533055575575895e+00
1.097228563188609618e+00
1.149472621855894161e+00
1.100756610813905079e+00
1.085631167196434488e+00
1.054752640928131369e+00
1.060261817877121038e+00
1.060320504871884006e+00
1.063428343652529584e+00
1.053960458788872900e+00
1.061859865403500303e+00
1.057200880882159133e+00
1.285994626508916383e+00
1.108042923304513261e+00
1.138957302479199685e+00
1.209736769752524976e+00
1.822179819703805048e+00
1.218141810916354206e+00
1.096289665018487680e+00
1.115689717556497929e+00
1.079851473806473505e+00
1.663639839368924678e+00
1.781001029304259964e+00
1.012452882161134049e+00
1.089157295691258076e+00
1.200120775800686657e+00
1.187549321407110225e+00
2.397750861541038336e+00
1.595958370102362966e+00
1.260869054318755067e+00
1.272854014967983449e+00
1.189527847854511045e+00
1.168117635667730081e+00
1.142993247522772871e+00
1.108326714478682140e+00
1.113197224319246947e+00
2.354673971570025337e+00
1.755471005588592925e+00
2.289965769191407041e+00
1.148754167261823333e+00
1.795639909743560469e+00
1.126626214314479180e+00
1.177091414180535311e+00
1.095148745589156425e+00
1.090537095700756964e+00
1.213877809347354342e+00
1.303149697846470056e+00
1.177171413155349233e+00
2.509453976999330482e+00
1.153559073710410221e+00
1.195046319155232295e+00
1.153749725744396493e+00
1.166441396665444552e+00
1.128742230889218767e+00
1.195263341413021152e+00
1.489538068424899331e+00
1.272536264163595332e+00
1.109407168145137623e+00
1.091811691010875940e+00
1.506200309607493626e+00
1.135628076570016631e+00
1.224569986732339189e+00
1.337996729748484492e+00
1.181097163680133288e+00
1.182058256768400595e+00
1.185762783159053146e+00
2.503636797958829430e+00
1.205638174821727526e+00
1.237889585440116180e+00
1.198201214415625993e+00
1.227804478951086908e+00
1.215402976710508565e+00
1.207160650271422941e+00
1.837257123868778041e+00
1.300549208257009370e+00
1.133267320985640314e+00
1.253623369760887618e+00
1.260636724210217219e+00
1.225821155467896384e+00
1.187336182873610868e+00
1.200552280399436178e+00
1.241489089604949303e+00
1.150232098951498250e+00
1.242342832601628144e+00
1.110480395838789436e+00
1.245053771472880877e+00
1.243380931992809968e+00
1.084048165186936252e+00
1.594853674155972456e+00
1.266523641696288394e+00
1.251083263621927344e+00
2.075296131479719364e+00
1.245043995655864766e+00
1.267635906140617941e+00
1.301407134152252398e+00
1.171573011978482182e+00
1.285188801530543712e+00
1.137710544173149652e+00
1.245480467079181697e+00
1.246188648463587123e+00
1.176201755422073614e+00
1.308024345051227000e+00
1.280128697386785142e+00
1.314718263776702756e+00
1.292792838555041790e+00
1.285518893641820926e+00
1.302656601623303434e+00
1.293163800581626166e+00
1.161195487387058467e+00
1.164075114041900783e+00
1.282701111320778464e+00
1.239153546417140150e+00
1.295812439970774665e+00
1.893687830759194890e+00
1.291811915339790229e+00
1.191574042083838103e+00
1.214962713025184327e+00
1.072838695741210824e+00
1.215180514273963341e+00
1.051780004936157420e+00
1.224110554422449981e+00
1.178964518814810569e+00
1.099342788788454151e+00
1.718656497177448506e+00
1.241274603330985160e+00
1.304249518395577789e+00
1.153768903954937031e+00
1.254848547023380778e+00
1.207059141074182218e+00
1.206252986876859223e+00
1.423207864214581786e+00
1.444138687839391144e+00
2.540452793128536335e+00
2.533520534343875585e+00
1.097593394090029317e+00
1.800129809283638194e+00
1.831641399458300956e+00
1.405386458032121366e+00
2.517953988424372014e+00
1.373411559576905194e+00
2.356636511251837263e+00
1.343798582325866464e+00
2.291299034554803438e+00
2.621644604482487040e+00
1.333476642093315290e+00
1.028877180138709546e+00
9.848710485048840502e-01
9.782299875301124770e-01
1.351285817425730507e+00
1.052990134213912965e+00
2.017371480478161061e+00
2.079056809164118391e+00
1.951053087511925632e+00
1.995662787599167487e+00
1.005340783722005638e+00
1.008453304536498063e+00
1.940790205186136097e+00
9.470043025701794237e-01
2.591783731940377145e+00
1.240863947315845373e+00
1.870324927652539548e+00
1.728066028261034059e+00
2.456273224975844993e+00
9.782970244337851895e-01
9.837988702583035927e-01
1.782324472970660434e+00
1.035897547160529841e+00
1.026905943195187687e+00
2.484888158465948127e+00
1.737428987719117135e+00
1.077449162493967050e+00
1.681160067101721056e+00
2.488801819244569113e+00
1.756571896906823360e+00
1.724859374192898365e+00
1.149948418862464905e+00
1.160414270121324476e+00
1.296167516503571315e+00
1.801313436631088560e+00
1.166536033661467187e+00
1.812013164598277770e+00
1.141448084559667064e+00
1.162723053463450062e+00
1.141189970195969128e+00
1.154958833365308690e+00
1.290346315250690212e+00
1.259444757343584520e+00
1.376871981096033704e+00
2.051080479507298548e+00
2.086167435268201142e+00
