2.478340864181518555e-01
3.107463359832763672e+00
2.759876966476440430e+00
1.058885455131530762e+00
3.110045433044433594e+00
2.716720581054687500e+00
2.885855197906494141e+00
1.845206975936889648e+00
1.769937872886657715e+00
2.755542755126953125e+00
1.653282523155212402e+00
1.394461393356323242e+00
1.279417872428894043e+00
5.814722180366516113e-01
2.260742038488388062e-01
1.482518434524536133e+00
5.048990845680236816e-01
7.502961754798889160e-01
4.953774213790893555e-01
9.585999846458435059e-01
6.141378879547119141e-01
1.327945828437805176e+00
1.107116580009460449e+00
9.344293475151062012e-01
1.294121384620666504e+00
1.580754399299621582e+00
1.205671548843383789e+00
1.133265256881713867e+00
1.444628596305847168e+00
1.329043984413146973e+00
1.389091372489929199e+00
1.629855275154113770e+00
1.542292833328247070e+00
1.302364110946655273e+00
1.284518599510192871e+00
1.071164727210998535e+00
1.298355102539062500e+00
1.205326795578002930e+00
1.468349337577819824e+00
1.404150247573852539e+00
1.740983247756958008e+00
2.480898618698120117e+00
1.688371777534484863e+00
1.919937729835510254e+00
2.156822681427001953e-01
1.425343155860900879e+00
1.792938232421875000e+00
1.167737603187561035e+00
1.380275964736938477e+00
1.085075139999389648e+00
1.040883660316467285e+00
1.300564527511596680e+00
1.163186550140380859e+00
1.120864629745483398e+00
1.174232482910156250e+00
1.118190407752990723e+00
2.040213823318481445e+00
2.270179688930511475e-01
1.303571343421936035e+00
1.086318254470825195e+00
1.011288642883300781e+00
1.072414159774780273e+00
1.435866236686706543e+00
1.009659528732299805e+00
1.141296625137329102e+00
4.492977261543273926e-01
1.596018910408020020e+00
1.213695168495178223e+00
9.249979853630065918e-01
1.624209403991699219e+00
1.213835239410400391e+00
1.312942743301391602e+00
1.255581855773925781e+00
5.878475308418273926e-01
1.419550180435180664e+00
1.174408912658691406e+00
9.349862933158874512e-01
6.050049662590026855e-01
1.098991870880126953e+00
2.071672528982162476e-01
2.193914204835891724e-01
2.148933261632919312e-01
1.233286142349243164e+00
2.714841961860656738e-01
1.161396741867065430e+00
2.721150517463684082e-01
1.205325126647949219e+00
1.223904609680175781e+00
1.245639562606811523e+00
1.093977570533752441e+00
6.181072592735290527e-01
4.278194904327392578e-01
1.379474759101867676e+00
1.220586419105529785e+00
4.077826738357543945e-01
1.300212621688842773e+00
1.147607803344726562e+00
6.435956954956054688e-01
1.527783393859863281e+00
6.057306528091430664e-01
1.232702732086181641e+00
1.510915398597717285e+00
1.376441597938537598e+00
7.195019125938415527e-01
7.147948741912841797e-01
9.633228182792663574e-01
1.310298919677734375e+00
9.587166905403137207e-01
3.859695672988891602e+00
1.207911968231201172e+00
7.001287937164306641e-01
7.543039321899414062e-01
1.079446911811828613e+00
1.329991459846496582e+00
1.072455644607543945e+00
2.320020794868469238e-01
1.262282252311706543e+00
4.450852274894714355e-01
6.106360554695129395e-01
1.081172108650207520e+00
7.325102090835571289e-01
1.062808632850646973e+00
1.688558220863342285e+00
1.436602354049682617e+00
1.318509697914123535e+00
1.385727643966674805e+00
1.232718586921691895e+00
5.211189985275268555e-01
1.988609433174133301e+00
6.564855575561523438e-01
1.173914909362792969e+00
1.537981033325195312e+00
1.713914722204208374e-01
2.034602165222167969e+00
1.818725943565368652e+00
1.967297315597534180e+00
1.742901086807250977e+00
2.078408002853393555e+00
2.040082931518554688e+00
3.034669876098632812e+00
2.044689893722534180e+00
2.702732324600219727e+00
3.271782636642456055e+00
1.399515271186828613e+00
2.022725343704223633e+00
1.660177350044250488e+00
2.371635586023330688e-01
1.993900388479232788e-01
1.064445614814758301e+00
1.676822185516357422e+00
4.527865052223205566e-01
1.231811404228210449e+00
6.505122780799865723e-01
1.662221550941467285e+00
1.297827005386352539e+00
2.759284019470214844e+00
7.882747054100036621e-01
2.496888875961303711e+00
9.318717718124389648e-01
2.304332494735717773e+00
1.227665662765502930e+00
1.162201046943664551e+00
2.637997150421142578e+00
1.186911463737487793e+00
8.025029301643371582e-01
1.144233584403991699e+00
1.287219166755676270e+00
1.065480947494506836e+00
1.784357190132141113e+00
5.232759118080139160e-01
1.340024590492248535e+00
9.432641863822937012e-01
2.176569700241088867e-01
1.358777761459350586e+00
5.830788016319274902e-01
1.835013478994369507e-01
2.252603918313980103e-01
1.329136490821838379e+00
1.077320814132690430e+00
1.252318024635314941e+00
9.675843119621276855e-01
1.513193011283874512e+00
1.740348190069198608e-01
4.338773250579833984e+00
3.938057184219360352e+00
7.977589964866638184e-01
8.840796947479248047e-01
1.383003711700439453e+00
9.815566539764404297e-01
8.781812787055969238e-01
3.605876684188842773e+00
1.805324405431747437e-01
1.963478326797485352e-01
9.950395822525024414e-01
1.423654913902282715e+00
1.041424751281738281e+00
2.358233034610748291e-01
2.295150756835937500e-01
9.574176073074340820e-01
5.968309640884399414e-01
6.878559589385986328e-01
6.534572243690490723e-01
1.077637076377868652e+00
2.015925049781799316e-01
8.435523509979248047e-01
9.348683953285217285e-01
6.874564290046691895e-01
8.811111450195312500e-01
6.174156069755554199e-01
2.321635037660598755e-01
8.562219142913818359e-01
9.352517724037170410e-01
1.866686642169952393e-01
3.552256226539611816e-01
1.022421002388000488e+00
7.752487659454345703e-01
8.600952625274658203e-01
1.914243847131729126e-01
6.263374090194702148e-01
7.768518924713134766e-01
4.280508458614349365e-01
1.585494279861450195e-01
1.264951944351196289e+00
1.613937467336654663e-01
1.439924091100692749e-01
1.193744778633117676e+00
1.103208184242248535e+00
1.833682358264923096e-01
4.489737033843994141e+00
3.069097995758056641e+00
1.553113102912902832e+00
1.962278038263320923e-01
4.398884296417236328e+00
1.039370536804199219e+00
1.857281923294067383e+00
2.493498772382736206e-01
1.506511420011520386e-01
2.038028955459594727e+00
1.631518959999084473e+00
2.437908411026000977e+00
1.900127053260803223e+00
4.281319141387939453e+00
1.962091475725173950e-01
3.110284507274627686e-01
4.356486320495605469e+00
3.920022249221801758e+00
3.814290046691894531e+00
5.110766410827636719e+00
4.845971584320068359e+00
3.299082756042480469e+00
1.828069090843200684e-01
3.661082744598388672e+00
2.952639579772949219e+00
1.714448630809783936e-01
3.353930711746215820e+00
3.586356878280639648e+00
4.120458602905273438e+00
1.344934552907943726e-01
2.037124484777450562e-01
4.140861034393310547e+00
1.851015090942382812e-01
4.843039512634277344e+00
1.966500431299209595e-01
4.534440040588378906e+00
4.610325813293457031e+00
2.766112565994262695e+00
4.794643878936767578e+00
2.203817605972290039e+00
1.516852229833602905e-01
4.444653511047363281e+00
4.440181255340576172e+00
1.467773765325546265e-01
4.785747051239013672e+00
1.325026601552963257e-01
1.351383775472640991e-01
1.459781676530838013e-01
1.367318481206893921e-01
4.548499584197998047e+00
4.453913211822509766e+00
1.962852776050567627e-01
5.013476014137268066e-01
4.731131553649902344e+00
9.190861582756042480e-01
1.095665216445922852e+00
1.119055747985839844e+00
4.927825927734375000e+00
1.309522986412048340e-01
1.332098394632339478e-01
2.779044210910797119e-01
1.390849828720092773e+00
1.318325102329254150e-01
5.343699932098388672e+00
8.478490710258483887e-01
1.002348780632019043e+00
1.376448631286621094e+00
1.316348671913146973e+00
4.717277050018310547e+00
1.160826802253723145e+00
3.767982423305511475e-01
4.419292926788330078e+00
1.387947946786880493e-01
2.529791295528411865e-01
1.957619190216064453e+00
4.747548580169677734e+00
4.420105934143066406e+00
2.705689072608947754e-01
4.740533351898193359e+00
1.363859295845031738e+00
1.349738836288452148e-01
4.896123409271240234e+00
4.649960517883300781e+00
4.376153945922851562e+00
4.999085426330566406e+00
4.075910568237304688e+00
1.958770006895065308e-01
2.031798809766769409e-01
2.518309652805328369e-01
2.706923723220825195e+00
2.812469005584716797e-01
2.979264855384826660e-01
1.158348202705383301e+00
1.343890875577926636e-01
2.976106405258178711e-01
7.944423556327819824e-01
4.163679599761962891e+00
1.194653064012527466e-01
4.546754837036132812e+00
4.236093044281005859e+00
1.093304380774497986e-01
1.844933032989501953e-01
4.349935531616210938e+00
1.237856864929199219e+00
1.546659916639328003e-01
4.315288543701171875e+00
1.323335915803909302e-01
1.275727152824401855e-01
1.523631513118743896e-01
1.574873179197311401e-01
1.594887524843215942e-01
4.130518913269042969e+00
4.061559200286865234e+00
4.191168308258056641e+00
4.488908767700195312e+00
4.594254016876220703e+00
1.436054110527038574e+00
3.870036363601684570e+00
1.626676619052886963e-01
4.090322017669677734e+00
1.568088084459304810e-01
4.169997692108154297e+00
1.246674180030822754e+00
8.591766953468322754e-01
4.787785530090332031e+00
2.538149058818817139e-01
4.055239677429199219e+00
1.468313217163085938e+00
1.924684345722198486e-01
3.854316473007202148e+00
3.908769130706787109e+00
4.199862957000732422e+00
4.159063816070556641e+00
3.726709842681884766e+00
4.261394023895263672e+00
3.989761590957641602e+00
8.828858137130737305e-01
3.516028165817260742e+00
4.308786869049072266e+00
1.895046234130859375e-01
9.718891382217407227e-01
4.287066459655761719e-01
4.292399406433105469e+00
9.788478612899780273e-01
4.075417995452880859e+00
7.781968116760253906e-01
1.854020506143569946e-01
5.703899860382080078e-01
3.383838832378387451e-01
3.953316807746887207e-01
4.335542678833007812e+00
4.380617618560791016e+00
4.034907341003417969e+00
3.938370466232299805e+00
4.272996902465820312e+00
4.186785221099853516e+00
4.206682205200195312e+00
4.561231136322021484e+00
1.948925703763961792e-01
1.888092756271362305e-01
1.781358718872070312e-01
1.170376062393188477e+00
3.993275880813598633e+00
2.468803226947784424e-01
4.618234157562255859e+00
8.853128552436828613e-01
7.356672286987304688e-01
4.282779693603515625e+00
4.278013229370117188e+00
9.366740584373474121e-01
1.429069995880126953e+00
1.406125575304031372e-01
1.351989954710006714e-01
3.890403270721435547e+00
1.278293848037719727e+00
9.886523485183715820e-01
4.098623752593994141e+00
8.590881228446960449e-01
4.021091461181640625e+00
4.412538528442382812e+00
4.600673615932464600e-01
7.935436964035034180e-01
2.977410852909088135e-01
1.191011071205139160e+00
2.793544530868530273e-01
4.205391883850097656e+00
1.000242471694946289e+00
1.790560632944107056e-01
8.908497095108032227e-01
6.738841533660888672e-01
2.484523057937622070e+00
8.550950884819030762e-01
1.568387001752853394e-01
1.577627360820770264e-01
2.990055322647094727e+00
1.587781012058258057e-01
3.186774492263793945e+00
9.022979736328125000e-01
1.315297603607177734e+00
3.388820648193359375e+00
8.283354640007019043e-01
3.762714624404907227e+00
3.998806238174438477e+00
7.847419977188110352e-01
4.558741569519042969e+00
1.177952766418457031e+00
3.825801849365234375e+00
1.346307039260864258e+00
9.940586686134338379e-01
7.295078635215759277e-01
7.047222852706909180e-01
1.585058867931365967e-01
3.622311353683471680e+00
5.805900096893310547e-01
3.672539234161376953e+00
3.266144990921020508e+00
2.528960466384887695e+00
1.593923419713973999e-01
2.338115215301513672e+00
1.602311581373214722e-01
2.017673015594482422e+00
3.491416871547698975e-01
1.554651409387588501e-01
3.088960647583007812e+00
2.941387176513671875e+00
3.032608747482299805e+00
2.918902397155761719e+00
3.301634788513183594e-01
3.307838439941406250e+00
2.761282682418823242e+00
1.693071126937866211e+00
1.605166345834732056e-01
3.357113599777221680e-01
3.409237146377563477e+00
3.604393482208251953e+00
9.401773810386657715e-01
3.451701998710632324e-01
2.423792779445648193e-01
4.340029239654541016e+00
4.073083400726318359e+00
2.068633794784545898e+00
1.492691934108734131e-01
4.581158638000488281e+00
2.329686880111694336e-01
4.372132778167724609e+00
3.936762094497680664e+00
1.994082629680633545e-01
4.166756153106689453e+00
1.819461584091186523e-01
1.654426902532577515e-01
2.861886024475097656e+00
1.470599174499511719e-01
1.417052894830703735e-01
1.603666245937347412e-01
5.088356971740722656e+00
3.981576442718505859e+00
7.008014321327209473e-01
4.086993217468261719e+00
6.315681338310241699e-01
6.413827538490295410e-01
4.554998397827148438e+00
2.594160556793212891e+00
1.662420928478240967e-01
4.157653808593750000e+00
1.096726059913635254e+00
1.162973046302795410e+00
9.180151224136352539e-01
3.380685329437255859e+00
3.672277450561523438e+00
2.856770753860473633e+00
3.948169469833374023e+00
4.090454101562500000e+00
1.041685342788696289e+00
3.132082223892211914e+00
1.617357432842254639e-01
1.342926979064941406e+00
8.667378425598144531e-01
7.868770360946655273e-01
8.846521973609924316e-01
1.208294034004211426e+00
1.721502542495727539e+00
2.209896087646484375e+00
2.091515779495239258e+00
4.296567916870117188e+00
2.427064657211303711e+00
9.214910864830017090e-01
1.918440818786621094e+00
1.860566735267639160e+00
1.100342035293579102e+00
4.304980278015136719e+00
1.164265513420104980e+00
1.366456985473632812e+00
4.120101451873779297e+00
1.277434349060058594e+00
1.381216645240783691e-01
1.647114396095275879e+00
3.363424062728881836e+00
1.634368777275085449e+00
2.319807767868041992e+00
4.330094814300537109e+00
4.171558856964111328e+00
7.460252046585083008e-01
4.148486137390136719e+00
1.407324075698852539e-01
1.404356509447097778e-01
2.360544353723526001e-01
3.543045282363891602e+00
2.312348932027816772e-01
1.402370035648345947e-01
3.603322029113769531e+00
2.463257014751434326e-01
6.583779335021972656e+00
1.100917220115661621e+00
9.502868652343750000e-01
9.754313826560974121e-01
4.931483268737792969e+00
2.032764852046966553e-01
2.276359558105468750e+00
1.201563358306884766e+00
2.335685640573501587e-01
1.396431177854537964e-01
2.283047288656234741e-01
1.843644022941589355e+00
2.189059853553771973e-01
2.208442836999893188e-01
2.221557945013046265e-01
9.363541603088378906e-01
2.177662700414657593e-01
4.239184379577636719e+00
3.664099693298339844e+00
6.570704460144042969e+00
1.997983902692794800e-01
3.904484272003173828e+00
2.258289903402328491e-01
4.034729003906250000e+00
2.117733210325241089e-01
2.987199306488037109e+00
2.326059490442276001e-01
2.519944667816162109e+00
2.154513359069824219e+00
2.796522855758666992e+00
3.029448270797729492e+00
6.000555038452148438e+00
1.665061265230178833e-01
2.095002830028533936e-01
1.677196472883224487e-01
2.669586539268493652e-01
3.592772006988525391e+00
3.482027530670166016e+00
2.536029815673828125e-01
2.097057253122329712e-01
2.232496887445449829e-01
3.967945814132690430e+00
2.741120159626007080e-01
3.066616058349609375e+00
3.475956916809082031e+00
2.469890862703323364e-01
2.704554498195648193e-01
2.059013992547988892e-01
1.521022170782089233e-01
2.783528864383697510e-01
2.216876447200775146e-01
2.093759328126907349e-01
2.800630927085876465e-01
2.031502246856689453e+00
2.174673378467559814e-01
2.081375122070312500e-01
2.693898677825927734e-01
1.778865605592727661e-01
1.779266148805618286e-01
2.516244649887084961e-01
1.419372677803039551e+00
1.650433987379074097e-01
2.605479061603546143e-01
2.458726763725280762e-01
4.100440502166748047e+00
1.545495539903640747e-01
4.689860820770263672e+00
1.675261557102203369e-01
1.592247188091278076e-01
1.714003384113311768e-01
1.913574457168579102e+00
5.674368858337402344e+00
1.587568372488021851e-01
2.532884180545806885e-01
1.651864051818847656e-01
4.308621883392333984e+00
1.839967012405395508e+00
2.698220014572143555e-01
1.816684901714324951e-01
5.624125957489013672e+00
1.475973129272460938e-01
1.839068174362182617e+00
5.590718746185302734e+00
5.269389629364013672e+00
5.328954219818115234e+00
5.182681083679199219e+00
5.781367301940917969e+00
4.631074905395507812e+00
5.936866760253906250e+00
5.388720035552978516e+00
5.709583759307861328e+00
5.345952033996582031e+00
2.141483306884765625e+00
5.194491863250732422e+00
4.220181465148925781e+00
2.282352894544601440e-01
5.743340969085693359e+00
5.329105377197265625e+00
1.990983486175537109e-01
5.683530807495117188e+00
5.648005962371826172e+00
5.616125583648681641e+00
5.792813777923583984e+00
5.370475292205810547e+00
1.120866060256958008e+00
1.627761125564575195e-01
1.463374376296997070e+00
1.326833605766296387e+00
2.103972584009170532e-01
5.389681339263916016e+00
2.212339043617248535e-01
1.775427311658859253e-01
5.454807877540588379e-01
4.683396339416503906e+00
5.445302009582519531e+00
1.531098127365112305e+00
1.449036717414855957e+00
5.837754726409912109e+00
1.149762749671936035e+00
4.735999584197998047e+00
4.583809852600097656e+00
1.705424070358276367e+00
5.398191928863525391e+00
2.307633161544799805e-01
2.129620909690856934e-01
5.639754772186279297e+00
3.891878604888916016e+00
2.116883993148803711e+00
1.426181912422180176e+00
1.814138442277908325e-01
1.869348287582397461e-01
2.182120680809020996e-01
2.021046876907348633e-01
1.722913086414337158e-01
1.823836266994476318e-01
5.438409328460693359e+00
1.896895766258239746e-01
1.794696450233459473e+00
2.081868886947631836e+00
1.825650930404663086e-01
2.100697308778762817e-01
2.134929746389389038e-01
1.677917718887329102e+00
1.330227732658386230e+00
1.701915860176086426e+00
1.180614590644836426e+00
1.409346163272857666e-01
1.841523349285125732e-01
3.463334321975708008e+00
3.182383298873901367e+00
3.402841091156005859e+00
3.650800704956054688e+00
3.177480101585388184e-01
3.777022123336791992e+00
3.126641511917114258e-01
3.730911016464233398e-01
1.975261270999908447e-01
3.691994190216064453e+00
2.070998102426528931e-01
1.955855935811996460e-01
2.937657594680786133e+00
3.114485502243041992e+00
4.011976718902587891e+00
1.972072273492813110e-01
3.975979804992675781e+00
5.440602779388427734e+00
4.048275947570800781e+00
3.881611108779907227e+00
4.614462375640869141e+00
2.709137916564941406e+00
2.896551370620727539e+00
3.597256898880004883e+00
1.310416340827941895e+00
2.062534540891647339e-01
1.206731796264648438e+00
1.930228769779205322e-01
1.725001811981201172e+00
1.906102746725082397e-01
1.679113358259201050e-01
3.086050510406494141e+00
1.972210258245468140e-01
1.174329042434692383e+00
3.860059499740600586e+00
2.245506197214126587e-01
8.382080197334289551e-01
4.346305847167968750e+00
3.914804756641387939e-01
4.402559280395507812e+00
1.786260008811950684e-01
4.146054267883300781e+00
2.066376507282257080e-01
2.451847046613693237e-01
7.223498821258544922e-01
3.871414661407470703e+00
4.916113615036010742e-01
5.075567364692687988e-01
4.773607254028320312e-01
6.902933716773986816e-01
5.304761528968811035e-01
3.337831258773803711e+00
3.237817525863647461e+00
2.683333396911621094e+00
3.517244577407836914e+00
4.552517235279083252e-01
3.054878950119018555e+00
6.784102320671081543e-01
3.502803146839141846e-01
2.963207960128784180e-01
3.875007390975952148e+00
4.626345157623291016e+00
4.527173519134521484e+00
4.156576156616210938e+00
4.392383575439453125e+00
3.989382088184356689e-01
2.208631038665771484e-01
1.728884875774383545e-01
5.001033544540405273e-01
3.517601251602172852e+00
3.597882747650146484e+00
3.979405403137207031e+00
2.854802310466766357e-01
3.009780943393707275e-01
1.941926121711730957e+00
3.608297824859619141e+00
1.344160914421081543e+00
5.206398367881774902e-01
2.692508399486541748e-01
5.299890637397766113e-01
5.426523685455322266e-01
2.147047281265258789e+00
4.801068782806396484e+00
1.903868556022644043e+00
3.129171133041381836e-01
1.175517320632934570e+00
3.394636809825897217e-01
3.739945888519287109e-01
2.753063142299652100e-01
3.308997154235839844e+00
2.517890930175781250e-01
3.094642758369445801e-01
4.647773206233978271e-01
5.674644470214843750e+00
3.703315258026123047e-01
5.315698146820068359e+00
3.726451992988586426e-01
5.479118824005126953e-01
3.368859291076660156e-01
2.845974922180175781e+00
3.468467593193054199e-01
3.138827085494995117e-01
4.096634387969970703e+00
2.690542936325073242e-01
3.015601336956024170e-01
2.755166292190551758e-01
2.687450945377349854e-01
3.214566409587860107e-01
2.817398011684417725e-01
5.222188472747802734e+00
2.407771795988082886e-01
4.209153175354003906e+00
3.122783601284027100e-01
2.683905661106109619e-01
3.691519498825073242e+00
2.501826584339141846e-01
4.982534885406494141e+00
2.445278614759445190e-01
3.814256429672241211e+00
3.863258123397827148e+00
4.140236377716064453e+00
5.083303451538085938e+00
2.393444329500198364e-01
3.038621842861175537e-01
4.015604496002197266e+00
3.928202629089355469e+00
3.744577407836914062e+00
4.013234138488769531e+00
2.794463038444519043e-01
3.507745981216430664e+00
4.047575473785400391e+00
2.551960051059722900e-01
2.778455913066864014e-01
2.635181844234466553e-01
5.344790935516357422e+00
2.342893481254577637e-01
4.799996376037597656e+00
2.009372264146804810e-01
5.140717983245849609e+00
5.082759857177734375e+00
5.067403793334960938e+00
4.953136444091796875e+00
2.287407219409942627e-01
4.076257705688476562e+00
4.065060138702392578e+00
5.008725643157958984e+00
3.022739291191101074e-01
5.255720615386962891e+00
3.992359876632690430e+00
5.291635036468505859e+00
4.051499843597412109e+00
4.953787803649902344e+00
1.671940445899963379e+00
2.801001071929931641e-01
4.973987579345703125e+00
2.491507530212402344e-01
2.484823763370513916e-01
5.323974132537841797e+00
3.578275203704833984e+00
5.119119167327880859e+00
5.076446056365966797e+00
2.771677970886230469e-01
4.676495552062988281e+00
2.963715493679046631e-01
4.541844367980957031e+00
4.246567249298095703e+00
3.089537024497985840e-01
4.022974491119384766e+00
4.086435317993164062e+00
4.047438621520996094e+00
3.049546957015991211e+00
3.380408287048339844e+00
5.243098258972167969e+00
2.526047527790069580e-01
2.510058283805847168e-01
3.319311141967773438e-01
3.147042751312255859e+00
2.780958414077758789e-01
2.813416123390197754e-01
3.489993333816528320e+00
3.289954066276550293e-01
2.143676996231079102e+00
5.195328235626220703e+00
4.707143783569335938e+00
3.416287660598754883e+00
2.911247611045837402e-01
3.538664281368255615e-01
3.002355098724365234e+00
3.445656299591064453e-01
4.583123683929443359e+00
3.083040416240692139e-01
4.263795852661132812e+00
4.725591659545898438e+00
4.964610099792480469e+00
1.927669197320938110e-01
4.688570976257324219e+00
3.913697004318237305e+00
4.424447715282440186e-01
5.057312011718750000e+00
4.430782794952392578e+00
4.401920318603515625e+00
5.075944900512695312e+00
4.973425388336181641e+00
4.045182168483734131e-01
5.040696620941162109e+00
4.155413627624511719e+00
4.121055603027343750e+00
5.053674578666687012e-01
5.144226074218750000e+00
2.894581854343414307e-01
3.962778806686401367e+00
4.028144776821136475e-01
4.039604663848876953e+00
3.245859622955322266e+00
3.846369981765747070e-01
5.360896587371826172e-01
1.965497285127639771e-01
4.296759665012359619e-01
2.881491482257843018e-01
2.716944813728332520e-01
2.809841036796569824e-01
2.954730987548828125e-01
3.407216072082519531e+00
3.133397996425628662e-01
2.361925125122070312e+00
2.691297829151153564e-01
3.662166833877563477e+00
4.963433742523193359e+00
3.774595260620117188e+00
2.176176458597183228e-01
2.142621517181396484e+00
2.937851846218109131e-01
3.098511695861816406e-01
1.270919322967529297e+00
3.663097620010375977e-01
4.493874907493591309e-01
4.237088561058044434e-01
3.648163974285125732e-01
4.435126185417175293e-01
5.944002270698547363e-01
4.484083056449890137e-01
2.089215815067291260e-01
1.517306089401245117e+00
1.729208230972290039e+00
2.162327319383621216e-01
1.757489919662475586e+00
4.989468753337860107e-01
1.494441032409667969e+00
2.088364601135253906e+00
1.822336554527282715e+00
3.895906507968902588e-01
3.435005545616149902e-01
2.814051508903503418e-01
1.637097120285034180e+00
1.430498361587524414e+00
2.502859234809875488e-01
2.109466493129730225e-01
2.407248765230178833e-01
4.954165518283843994e-01
5.594341754913330078e-01
2.494980096817016602e-01
3.861507415771484375e+00
2.989364862442016602e-01
4.759163379669189453e+00
2.457995116710662842e-01
3.900006115436553955e-01
5.080564498901367188e+00
1.524571329355239868e-01
2.566394209861755371e-01
4.830998420715332031e+00
1.760095000267028809e+00
1.752124071121215820e+00
1.216551586985588074e-01
4.649863719940185547e+00
1.251003295183181763e-01
2.402132898569107056e-01
1.712498903274536133e+00
5.017852783203125000e+00
4.991760730743408203e+00
4.964504718780517578e+00
5.494517087936401367e-01
5.030780792236328125e+00
4.948426246643066406e+00
4.183162748813629150e-01
4.992432594299316406e+00
2.733569145202636719e-01
3.644590079784393311e-01
5.345550060272216797e+00
2.628346443176269531e+00
4.686902523040771484e+00
5.231853485107421875e+00
4.983981609344482422e+00
1.747041583061218262e+00
2.147639513015747070e+00
4.983757734298706055e-01
1.641022205352783203e+00
3.908261358737945557e-01
3.683809280395507812e+00
3.706543445587158203e-01
2.783716320991516113e-01
3.390731215476989746e-01
4.234713554382324219e+00
4.086617469787597656e+00
2.055369019508361816e-01
3.596743643283843994e-01
3.458365499973297119e-01
4.072452545166015625e+00
4.351929187774658203e+00
3.594775497913360596e-01
2.938617169857025146e-01
3.598171472549438477e-01
3.436786532402038574e-01
4.217812061309814453e+00
3.792196214199066162e-01
5.188921689987182617e-01
4.346510410308837891e+00
4.212399959564208984e+00
4.100088596343994141e+00
4.003260135650634766e+00
2.298277020454406738e-01
3.275996446609497070e-01
4.699164032936096191e-01
3.052535951137542725e-01
7.625550627708435059e-01
4.458566188812255859e+00
8.109526038169860840e-01
4.313735008239746094e+00
3.467164039611816406e-01
3.574388325214385986e-01
4.207383155822753906e+00
2.785499811172485352e+00
6.262196898460388184e-01
3.545958995819091797e-01
3.761812746524810791e-01
3.479358851909637451e-01
3.885546445846557617e+00
3.618996441364288330e-01
4.386402130126953125e+00
4.736917495727539062e+00
4.748436450958251953e+00
4.272350668907165527e-01
4.867644906044006348e-01
3.555258214473724365e-01
4.065884113311767578e+00
4.072270870208740234e+00
4.388581216335296631e-01
1.739724636077880859e+00
4.657460212707519531e+00
4.305808246135711670e-01
1.522108018398284912e-01
4.200504302978515625e+00
4.023826599121093750e+00
4.607464790344238281e+00
3.757610917091369629e-01
1.624799370765686035e-01
1.682787686586380005e-01
4.163837432861328125e-01
4.326337337493896484e+00
4.210580825805664062e+00
3.949604988098144531e+00
4.109294891357421875e+00
3.954747915267944336e-01
4.404262900352478027e-01
3.784101605415344238e-01
2.423196136951446533e-01
3.413737714290618896e-01
4.123701155185699463e-01
4.159881472587585449e-01
2.045658081769943237e-01
4.503184854984283447e-01
4.633597433567047119e-01
3.974000513553619385e-01
3.539698719978332520e-01
3.631326556205749512e-01
3.508361279964447021e-01
1.520607024431228638e-01
3.771987557411193848e-01
3.758370876312255859e-01
1.158118724822998047e+00
3.499367237091064453e+00
5.094188451766967773e-01
1.920869797468185425e-01
3.236275017261505127e-01
3.849276304244995117e+00
4.198010921478271484e+00
3.960352182388305664e+00
3.281794190406799316e-01
1.782025456428527832e+00
3.430347442626953125e-01
3.425810635089874268e-01
7.287774085998535156e-01
3.603773713111877441e-01
3.236626386642456055e-01
3.217212259769439697e-01
3.952982902526855469e+00
1.706427484750747681e-01
3.214576542377471924e-01
1.527373313903808594e+00
3.497416377067565918e-01
1.607115417718887329e-01
8.032286763191223145e-01
3.164672553539276123e-01
5.911650657653808594e-01
6.633683443069458008e-01
1.245522499084472656e+00
6.048824787139892578e-01
2.009641528129577637e-01
1.759635657072067261e-01
6.570562124252319336e-01
3.099578917026519775e-01
1.779414117336273193e-01
4.297192990779876709e-01
1.833867728710174561e-01
2.251420617103576660e-01
3.442730903625488281e-01
1.228694796562194824e+00
6.016799211502075195e-01
1.602175682783126831e-01
3.831285238265991211e-01
3.584849238395690918e-01
4.302694499492645264e-01
3.341696262359619141e-01
2.617849826812744141e+00
3.396723568439483643e-01
3.338924050331115723e-01
1.818525791168212891e-01
1.677090823650360107e-01
1.750165373086929321e-01
3.708079755306243896e-01
5.237709522247314453e+00
5.112137317657470703e+00
4.810847282409667969e+00
2.483999133110046387e-01
2.443508952856063843e-01
1.775346547365188599e-01
2.270855754613876343e-01
2.405345290899276733e-01
3.108097910881042480e-01
3.521883189678192139e-01
4.187813103199005127e-01
3.317975401878356934e-01
3.100705444812774658e-01
2.631547451019287109e-01
5.810879468917846680e-01
3.467791974544525146e-01
4.104945361614227295e-01
2.653309702873229980e-01
2.476863861083984375e-01
6.768411993980407715e-01
3.409985601902008057e-01
4.167151153087615967e-01
3.970584273338317871e-01
3.528140783309936523e-01
3.681606352329254150e-01
3.256815671920776367e-01
2.333340644836425781e-01
1.978814721107482910e+00
3.486706912517547607e-01
3.404863178730010986e-01
3.443518877029418945e-01
3.526306748390197754e-01
4.372645616531372070e-01
3.041185140609741211e-01
3.692669868469238281e-01
1.845070272684097290e-01
3.540370166301727295e-01
3.453591167926788330e-01
4.514012932777404785e-01
5.801197290420532227e-01
3.423396348953247070e-01
3.247736394405364990e-01
3.560885190963745117e-01
3.463800251483917236e-01
3.232876062393188477e-01
2.474000453948974609e-01
2.652699649333953857e-01
5.719901919364929199e-01
3.083620369434356689e-01
6.144643425941467285e-01
1.893453299999237061e-01
3.160336315631866455e-01
3.191681802272796631e-01
4.615046977996826172e-01
2.513287365436553955e-01
3.201755881309509277e-01
3.235098421573638916e-01
4.320604801177978516e+00
2.163253873586654663e-01
3.578452467918395996e-01
3.587586879730224609e-01
4.130097329616546631e-01
3.572815656661987305e-01
3.878506422042846680e-01
4.180085062980651855e-01
5.508790612220764160e-01
3.941989541053771973e-01
2.138966470956802368e-01
2.283577919006347656e-01
3.633443415164947510e-01
3.599890768527984619e-01
3.644124269485473633e-01
1.908680945634841919e-01
3.886069655418395996e-01
3.871827125549316406e-01
4.271517097949981689e-01
4.530804455280303955e-01
4.401145577430725098e-01
4.840127825736999512e-01
2.180392295122146606e-01
1.941853314638137817e-01
4.589022099971771240e-01
2.253252863883972168e-01
3.291323781013488770e-01
2.068693339824676514e-01
2.160803824663162231e-01
5.256412625312805176e-01
4.321706771850585938e+00
5.560825467109680176e-01
5.704714655876159668e-01
1.926770508289337158e-01
4.411100745201110840e-01
1.505813300609588623e-01
3.486672639846801758e-01
3.130385279655456543e-01
2.958053648471832275e-01
4.211200177669525146e-01
4.594653606414794922e+00
3.663145065307617188e+00
1.394888460636138916e-01
2.588590085506439209e-01
2.306172698736190796e-01
4.094085216522216797e+00
2.233118563890457153e-01
1.879324764013290405e-01
3.846188783645629883e-01
2.914114892482757568e-01
4.439173042774200439e-01
3.549360632896423340e-01
3.526382446289062500e-01
2.151648998260498047e-01
1.910185515880584717e-01
2.336550056934356689e-01
2.506080567836761475e-01
2.461078912019729614e-01
2.504357993602752686e-01
2.787792682647705078e-01
3.880678415298461914e-01
2.151450365781784058e-01
4.116395950317382812e+00
3.768599927425384521e-01
3.774665892124176025e-01
9.029254913330078125e-01
2.432861179113388062e-01
2.771480977535247803e-01
2.512462139129638672e-01
4.015046060085296631e-01
3.979248046875000000e+00
3.731337189674377441e-01
2.207798957824707031e-01
2.342588603496551514e-01
1.725587993860244751e-01
2.236113697290420532e-01
2.097576409578323364e-01
2.781150043010711670e-01
3.965219855308532715e-01
2.190439999103546143e-01
2.473141700029373169e-01
3.472166061401367188e-01
2.877532839775085449e-01
2.452201396226882935e-01
3.783359527587890625e-01
5.688588619232177734e-01
2.820385992527008057e-01
3.627867996692657471e-01
3.775055110454559326e-01
3.898045122623443604e-01
3.671622872352600098e-01
3.501661121845245361e-01
2.867698967456817627e-01
3.747329711914062500e-01
3.500979840755462646e-01
3.262988626956939697e-01
3.953015506267547607e-01
2.889137566089630127e-01
4.010022878646850586e-01
1.809853076934814453e+00
3.092423081398010254e-01
4.065626859664916992e-01
4.200021624565124512e-01
6.306955218315124512e-01
4.981948733329772949e-01
3.919525742530822754e-01
4.020504355430603027e-01
2.320725023746490479e-01
4.166543781757354736e-01
3.244072198867797852e-01
2.184477597475051880e-01
1.705862581729888916e-01
3.469696044921875000e-01
3.815502822399139404e-01
2.005565166473388672e-01
3.999870717525482178e-01
3.420760929584503174e-01
2.494902461767196655e-01
3.561967849731445312e+00
2.582452595233917236e-01
2.505612969398498535e-01
2.303597182035446167e-01
1.951254904270172119e-01
3.593354940414428711e+00
1.600638926029205322e-01
2.450116723775863647e-01
3.395714282989501953e+00
3.363158106803894043e-01
2.376156091690063477e+00
2.822771787643432617e+00
3.359584808349609375e-01
1.950466930866241455e-01
2.984181642532348633e-01
3.808488845825195312e-01
5.377216935157775879e-01
1.203174889087677002e-01
1.429860293865203857e-01
3.402693569660186768e-01
3.117803633213043213e-01
3.255007863044738770e-01
2.248866707086563110e-01
4.720238149166107178e-01
3.534856081008911133e+00
1.417481601238250732e-01
2.706170976161956787e-01
1.419683545827865601e-01
2.176479101181030273e-01
5.242046117782592773e-01
3.201862573623657227e-01
2.256705015897750854e-01
2.177518367767333984e+00
3.375317454338073730e-01
2.216611057519912720e-01
1.748496890068054199e-01
3.756233453750610352e-01
2.547443509101867676e-01
3.204245567321777344e-01
2.233995199203491211e+00
3.098221719264984131e-01
2.014839798212051392e-01
3.346916437149047852e-01
1.374225378036499023e+00
2.229456901550292969e-01
2.556024193763732910e-01
2.197702378034591675e-01
3.588418364524841309e-01
3.256973624229431152e-01
3.494620025157928467e-01
2.089254260063171387e-01
4.830014705657958984e-01
3.036816120147705078e-01
4.900808930397033691e-01
3.276887536048889160e-01
1.451950788497924805e+00
3.309142589569091797e-01
4.507297277450561523e-01
1.890109330415725708e-01
3.104017376899719238e-01
2.350433915853500366e-01
2.947164475917816162e-01
3.394682407379150391e+00
3.315576910972595215e-01
3.425600230693817139e-01
3.076665401458740234e-01
3.282601833343505859e-01
3.290852904319763184e-01
2.787583112716674805e+00
3.475407123565673828e+00
2.759325742721557617e+00
2.021791189908981323e-01
2.355118274688720703e+00
3.469773828983306885e-01
3.778521418571472168e-01
2.715160369873046875e+00
2.594129800796508789e+00
3.423613011837005615e-01
3.413544893264770508e+00
2.890730798244476318e-01
7.328185439109802246e-01
3.180563747882843018e-01
3.496363639831542969e+00
3.458877801895141602e-01
4.314705431461334229e-01
3.654316186904907227e+00
4.463163614273071289e-01
5.466571450233459473e-01
3.361887931823730469e-01
3.542003154754638672e+00
9.375460147857666016e-01
1.428979337215423584e-01
3.294526040554046631e-01
2.412903308868408203e-01
2.494740486145019531e+00
2.374943792819976807e-01
2.270356863737106323e-01
2.194294929504394531e-01
3.463365435600280762e-01
3.747224807739257812e-01
3.711007237434387207e-01
3.285002946853637695e+00
3.383101820945739746e-01
3.419100046157836914e-01
3.374816477298736572e-01
1.368324905633926392e-01
3.358172774314880371e-01
2.085670530796051025e-01
1.389670073986053467e-01
1.409454196691513062e-01
2.336657196283340454e-01
3.214293420314788818e-01
3.183823227882385254e-01
3.292137682437896729e-01
3.300195932388305664e-01
4.242434978485107422e+00
3.396260142326354980e-01
3.185066580772399902e-01
1.544500440359115601e-01
3.360307812690734863e-01
3.290785849094390869e-01
2.184555828571319580e-01
2.344927340745925903e-01
2.257567793130874634e-01
3.700352013111114502e-01
2.415934205055236816e-01
3.340253531932830811e-01
3.146715760231018066e-01
1.907492429018020630e-01
1.682937294244766235e-01
3.396659195423126221e-01
1.707151830196380615e-01
1.660746783018112183e-01
5.899898052215576172e+00
5.797179222106933594e+00
3.446083664894104004e-01
2.251818776130676270e-01
3.472096920013427734e-01
3.561901152133941650e-01
1.287891030311584473e+00
3.685529828071594238e-01
3.117539584636688232e-01
3.474327027797698975e-01
3.179864585399627686e-01
1.800101101398468018e-01
1.555913925170898438e+00
3.156575262546539307e-01
3.554874062538146973e-01
4.197573661804199219e-01
3.464436829090118408e-01
1.426919251680374146e-01
1.018220305442810059e+00
2.524229586124420166e-01
7.874131798744201660e-01
1.990401744842529297e-01
5.602508068084716797e+00
3.968116641044616699e-01
1.322399824857711792e-01
3.297998607158660889e-01
4.062810242176055908e-01
2.267693281173706055e-01
3.577644824981689453e-01
1.889141559600830078e+00
5.718441486358642578e+00
5.576611042022705078e+00
1.834571242332458496e+00
1.813947319984436035e+00
5.471816062927246094e+00
1.782870531082153320e+00
1.475928783416748047e+00
4.085134565830230713e-01
3.568049371242523193e-01
2.079721838235855103e-01
3.628964722156524658e-01
1.981809139251708984e-01
1.191412284970283508e-01
3.609225153923034668e-01
3.840853273868560791e-01
3.603136241436004639e-01
1.961088329553604126e-01
1.931484043598175049e-01
1.762689828872680664e+00
1.721326112747192383e-01
5.758519172668457031e+00
1.818528622388839722e-01
3.435561060905456543e-01
8.508290052413940430e-01
1.425908446311950684e+00
4.427056908607482910e-01
3.791418373584747314e-01
5.954812169075012207e-01
4.236290752887725830e-01
5.359377861022949219e-01
1.675982475280761719e+00
1.410811394453048706e-01
2.839269638061523438e-01
4.612182378768920898e-01
1.640888750553131104e-01
1.593444049358367920e-01
3.844685852527618408e-01
4.581244587898254395e-01
4.142914414405822754e-01
4.486766457557678223e-01
5.881385207176208496e-01
3.927943706512451172e-01
5.625747442245483398e-01
5.777354836463928223e-01
1.202715516090393066e+00
1.929213702678680420e-01
2.009991854429244995e-01
3.089750528335571289e+00
3.437242984771728516e+00
2.697184085845947266e-01
9.080895781517028809e-01
2.067797780036926270e-01
2.195816338062286377e-01
3.014749050140380859e+00
1.737324744462966919e-01
1.600369960069656372e-01
2.250741124153137207e-01
5.690810680389404297e+00
2.242594212293624878e-01
2.009504586458206177e-01
2.249983549118041992e-01
2.148206830024719238e-01
1.883372813463211060e-01
2.609620094299316406e-01
2.974980473518371582e-01
2.244854271411895752e-01
4.025552868843078613e-01
1.508878767490386963e-01
2.649967968463897705e-01
2.335848957300186157e-01
1.988960802555084229e-01
2.110091000795364380e-01
1.424585580825805664e-01
3.492900431156158447e-01
4.480947256088256836e-01
3.825361430644989014e-01
4.017544388771057129e-01
3.174854516983032227e-01
3.309732079505920410e-01
4.255478680133819580e-01
4.200322926044464111e-01
4.152827560901641846e-01
4.165125489234924316e-01
3.874556720256805420e-01
2.341305911540985107e-01
1.639239490032196045e-01
3.774129152297973633e-01
2.068294882774353027e-01
1.758953630924224854e-01
2.079500406980514526e-01
1.537407040596008301e+00
1.643570184707641602e+00
8.211268186569213867e-01
8.861805200576782227e-01
5.436846017837524414e-01
4.260058999061584473e-01
2.228076308965682983e-01
4.400452971458435059e-01
2.089806348085403442e-01
1.176979422569274902e+00
2.055859565734863281e-01
5.457830429077148438e+00
2.554258823394775391e+00
4.699951112270355225e-01
1.231349334120750427e-01
4.290605187416076660e-01
5.428147315979003906e+00
5.363537311553955078e+00
2.650464773178100586e+00
1.431021451950073242e+00
6.215550303459167480e-01
1.254383474588394165e-01
1.548790931701660156e+00
2.579175710678100586e+00
5.408988952636718750e+00
7.107090353965759277e-01
2.473032236099243164e+00
2.382728159427642822e-01
5.037543296813964844e+00
4.921119809150695801e-01
2.718825817108154297e+00
2.517216682434082031e+00
4.820365309715270996e-01
2.306886911392211914e+00
5.390042781829833984e+00
3.942578732967376709e-01
2.065550535917282104e-01
2.867311716079711914e+00
3.147851526737213135e-01
4.320572316646575928e-01
3.973610699176788330e-01
4.193014502525329590e-01
1.712188124656677246e-01
3.352600932121276855e-01
1.533483147621154785e+00
2.526035308837890625e+00
3.281592130661010742e-01
1.889522522687911987e-01
2.882305979728698730e-01
1.121067330241203308e-01
3.067936897277832031e-01
2.944211065769195557e-01
4.995031356811523438e+00
1.777245551347732544e-01
1.156845986843109131e-01
1.904533207416534424e-01
2.051026672124862671e-01
3.038044571876525879e-01
2.390656769275665283e-01
4.420644938945770264e-01
2.050114274024963379e-01
1.082749441266059875e-01
1.091391146183013916e-01
5.977367162704467773e-01
3.307153284549713135e-01
5.425400257110595703e+00
3.052328824996948242e-01
2.628002464771270752e-01
1.162671297788619995e-01
1.934330612421035767e-01
1.776070296764373779e-01
2.335353940725326538e-01
4.345056116580963135e-01
2.157310694456100464e-01
2.047044754028320312e+00
3.778430223464965820e-01
3.426766693592071533e-01
3.972612023353576660e-01
4.181724786758422852e-01
2.221921831369400024e-01
2.240584790706634521e-01
5.408769130706787109e+00
4.134815633296966553e-01
5.460076332092285156e+00
4.157105982303619385e-01
5.455870628356933594e+00
3.654769062995910645e-01
2.794286608695983887e-01
5.933694839477539062e+00
5.109282970428466797e+00
1.968181431293487549e-01
2.240047752857208252e-01
6.256960630416870117e-01
2.402990102767944336e+00
2.451583147048950195e+00
1.897042393684387207e-01
2.047209143638610840e-01
5.478549003601074219e+00
2.278971076011657715e-01
4.655550003051757812e+00
2.118766605854034424e-01
1.772973537445068359e-01
1.953438967466354370e-01
4.409702718257904053e-01
2.468173801898956299e-01
2.248627096414566040e-01
5.414014339447021484e+00
2.330370545387268066e-01
1.914515495300292969e-01
2.068780809640884399e-01
1.812942475080490112e-01
4.280099868774414062e+00
5.144618511199951172e+00
2.165762186050415039e-01
1.769188493490219116e-01
3.573484122753143311e-01
2.094583064317703247e-01
2.036084681749343872e-01
2.118138074874877930e-01
2.548291981220245361e-01
2.510785341262817383e+00
2.213256508111953735e-01
2.044632583856582642e-01
1.862581253051757812e+00
2.960959970951080322e-01
2.580272555351257324e-01
3.660521805286407471e-01
2.664541900157928467e-01
6.520466804504394531e-01
1.800943017005920410e-01
2.018196433782577515e-01
4.371181428432464600e-01
2.139730691909790039e+00
5.761836171150207520e-01
5.929329395294189453e+00
6.082872867584228516e+00
5.924012660980224609e+00
2.736866474151611328e-01
3.960931301116943359e-01
3.561578094959259033e-01
3.710530102252960205e-01
2.672495841979980469e-01
2.424062043428421021e-01
3.554016947746276855e-01
3.717406988143920898e-01
3.460536003112792969e-01
4.091465175151824951e-01
3.746794164180755615e-01
5.563640594482421875e-01
4.936625957489013672e+00
2.432887107133865356e-01
3.404152095317840576e-01
4.010602533817291260e-01
5.008065700531005859e-01
2.480877339839935303e-01
2.645485103130340576e-01
4.064713716506958008e-01
2.480029463768005371e-01
2.441585361957550049e-01
2.524304687976837158e-01
2.684274613857269287e-01
1.772782802581787109e+00
5.991842746734619141e-01
5.960860252380371094e+00
5.863873481750488281e+00
5.932542800903320312e+00
1.534539103507995605e+00
4.364425182342529297e+00
2.062751770019531250e+00
5.923186779022216797e+00
4.950257301330566406e+00
2.326646089553833008e+00
4.690153002738952637e-01
4.969120025634765625e+00
3.001485764980316162e-01
5.866248130798339844e+00
5.912281990051269531e+00
5.631861090660095215e-01
3.157120645046234131e-01
5.327199935913085938e+00
2.372315824031829834e-01
4.336467981338500977e-01
1.457206457853317261e-01
1.361115425825119019e-01
2.267141789197921753e-01
2.358006685972213745e-01
2.633204162120819092e-01
4.757697105407714844e+00
2.334651648998260498e-01
8.231817483901977539e-01
2.185359150171279907e-01
1.600591540336608887e-01
5.756773471832275391e+00
2.527592182159423828e-01
5.794925212860107422e+00
6.067409038543701172e+00
1.582141816616058350e-01
1.222493171691894531e+00
3.052788674831390381e-01
1.514622271060943604e-01
1.024998664855957031e+00
5.784691810607910156e+00
6.032529354095458984e+00
3.114963769912719727e-01
1.091599106788635254e+00
1.421476751565933228e-01
5.877796173095703125e+00
8.597071170806884766e-01
7.023521065711975098e-01
5.883967876434326172e+00
7.295919060707092285e-01
3.062475919723510742e-01
2.527136206626892090e-01
5.996800899505615234e+00
4.517706930637359619e-01
4.171169400215148926e-01
7.120143175125122070e-01
2.734807729721069336e-01
2.547168433666229248e-01
1.152921080589294434e+00
5.976708412170410156e+00
5.721584796905517578e+00
1.950514763593673706e-01
4.069288074970245361e-01
5.813279628753662109e+00
5.548434257507324219e+00
5.393759727478027344e+00
5.428638458251953125e+00
2.055693268775939941e-01
5.805549144744873047e+00
2.661216855049133301e-01
2.319305986166000366e-01
4.731338024139404297e-01
5.735770702362060547e+00
5.254083871841430664e-01
5.735675692558288574e-01
5.178467631340026855e-01
4.529168009757995605e-01
4.018121957778930664e-01
3.340825140476226807e-01
1.012716174125671387e+00
4.813596606254577637e-01
2.421947270631790161e-01
4.181896448135375977e-01
4.430245459079742432e-01
5.837475061416625977e-01
1.143920898437500000e+00
3.942740857601165771e-01
1.048692107200622559e+00
1.657146573066711426e+00
5.149785876274108887e-01
6.398155689239501953e+00
1.632175087928771973e+00
3.246745765209197998e-01
3.850704431533813477e-01
3.815834224224090576e-01
4.860145092010498047e+00
2.330579757690429688e+00
1.075170159339904785e+00
2.676073908805847168e-01
2.708829641342163086e-01
3.391849398612976074e-01
1.149610400199890137e+00
4.359248280525207520e-01
3.751920163631439209e-01
6.699718475341796875e+00
3.460495471954345703e-01
3.837031722068786621e-01
4.997233152389526367e-01
3.793472051620483398e-01
4.424305260181427002e-01
6.184090614318847656e+00
4.212015569210052490e-01
3.509362637996673584e-01
4.337876141071319580e-01
3.894844651222229004e-01
3.905826807022094727e-01
3.736429214477539062e-01
4.073204994201660156e-01
5.460542440414428711e-01
2.951319217681884766e-01
4.121913611888885498e-01
4.148183465003967285e-01
4.211128711700439453e+00
5.007417678833007812e+00
2.196655124425888062e-01
3.175275027751922607e-01
1.579522192478179932e-01
4.760006368160247803e-01
1.773312836885452271e-01
4.620200157165527344e+00
8.442073464393615723e-01
8.315241932868957520e-01
8.270186185836791992e-01
5.217549800872802734e-01
1.967802196741104126e-01
2.220873683691024780e-01
2.075587958097457886e-01
8.233082294464111328e-01
4.629503786563873291e-01
2.762718796730041504e-01
3.738392591476440430e+00
3.335681200027465820e+00
4.924080371856689453e-01
2.740084826946258545e-01
3.373834848403930664e+00
2.442113459110260010e-01
5.646666288375854492e-01
4.464758634567260742e-01
4.535985469818115234e+00
6.190785169601440430e-01
2.087036967277526855e-01
1.971743851900100708e-01
1.214295983314514160e+00
1.277215957641601562e+00
1.823270767927169800e-01
1.848623752593994141e+00
1.989762187004089355e-01
4.770717620849609375e+00
1.203625202178955078e+00
4.463253021240234375e-01
1.925910562276840210e-01
1.797656416893005371e-01
2.013437002897262573e-01
5.942459106445312500e-01
3.488742411136627197e-01
6.559445858001708984e-01
6.551892161369323730e-01
5.147870779037475586e-01
4.688483178615570068e-01
4.710544586181640625e+00
4.215988516807556152e-01
2.170779556035995483e-01
1.999645084142684937e-01
4.048819541931152344e-01
2.235441207885742188e-01
5.381357669830322266e+00
5.437758445739746094e+00
5.754586219787597656e+00
4.955011606216430664e-01
3.890252590179443359e+00
3.220794498920440674e-01
6.081396937370300293e-01
5.406783223152160645e-01
2.067479044198989868e-01
2.368578195571899414e+00
1.856230795383453369e-01
1.643038153648376465e+00
2.046766132116317749e-01
1.941478967666625977e+00
2.586699247360229492e+00
4.155868530273437500e+00
5.567483305931091309e-01
5.768435001373291016e-01
4.657731533050537109e+00
3.319644927978515625e-01
1.171673893928527832e+00
3.203111588954925537e-01
3.294652998447418213e-01
1.941960304975509644e-01
3.836603760719299316e-01
2.172770947217941284e-01
1.304408073425292969e+00
4.273159205913543701e-01
1.094789743423461914e+00
1.779236644506454468e-01
4.950661659240722656e+00
1.169232010841369629e+00
2.044895142316818237e-01
4.703083038330078125e+00
4.726921021938323975e-01
4.818869233131408691e-01
1.084820389747619629e+00
3.365243077278137207e-01
1.024933338165283203e+00
4.680559158325195312e+00
2.719683051109313965e-01
5.451477050781250000e+00
2.166611254215240479e-01
1.034615278244018555e+00
1.030266165733337402e+00
9.418503046035766602e-01
5.091115951538085938e+00
5.405038356781005859e+00
5.335097312927246094e+00
5.253060340881347656e+00
5.181759834289550781e+00
1.108555555343627930e+00
6.450890302658081055e-01
4.981210231781005859e+00
4.862218856811523438e+00
5.059592723846435547e+00
4.702089309692382812e+00
4.187358617782592773e-01
1.824826896190643311e-01
1.879763603210449219e-01
4.744647979736328125e+00
5.043538093566894531e+00
4.964734554290771484e+00
2.671877145767211914e-01
1.732469201087951660e-01
2.048934102058410645e-01
5.326987743377685547e+00
4.636288881301879883e-01
3.979602456092834473e-01
2.169528007507324219e-01
4.024385511875152588e-01
4.999029636383056641e+00
2.257417440414428711e-01
1.080229043960571289e+00
5.228731155395507812e+00
5.020481586456298828e+00
2.174941450357437134e-01
2.294787466526031494e-01
5.357511520385742188e+00
2.078631818294525146e-01
5.114242076873779297e+00
4.196240603923797607e-01
2.164667993783950806e-01
3.419757783412933350e-01
5.360894203186035156e-01
4.611698985099792480e-01
3.509478569030761719e-01
6.432408094406127930e-01
3.949896693229675293e-01
2.259150445461273193e-01
3.588500618934631348e-01
4.323735535144805908e-01
5.102858543395996094e-01
8.629005551338195801e-01
2.693717479705810547e+00
2.913801968097686768e-01
3.252343237400054932e-01
4.532568156719207764e-01
5.162816047668457031e+00
5.452135205268859863e-01
6.599775552749633789e-01
2.435937672853469849e-01
4.231480121612548828e+00
2.173952609300613403e-01
1.314889192581176758e+00
2.602632939815521240e-01
2.496579587459564209e-01
2.525094032287597656e+00
2.373911142349243164e-01
4.603875577449798584e-01
5.729805827140808105e-01
2.581048905849456787e-01
2.362097501754760742e-01
4.068728685379028320e-01
9.490261077880859375e-01
9.559275507926940918e-01
5.405206203460693359e+00
3.418037891387939453e+00
2.673741281032562256e-01
3.641942739486694336e+00
2.510720491409301758e-01
2.694632112979888916e-01
1.067362904548645020e+00
5.649048328399658203e+00
1.558887213468551636e-01
2.566300630569458008e-01
9.206249713897705078e-01
6.131678819656372070e-01
8.472722768783569336e-01
4.170002460479736328e+00
2.531823813915252686e-01
2.357710748910903931e-01
2.177779376506805420e-01
2.109289467334747314e-01
2.104617655277252197e-01
2.371924638748168945e+00
4.217815399169921875e-01
3.042871356010437012e-01
3.810379266738891602e+00
2.214423656463623047e+00
2.159075736999511719e+00
2.187333256006240845e-01
1.154488563537597656e+00
3.588149785995483398e+00
4.558601379394531250e+00
4.079587459564208984e+00
4.645459949970245361e-01
5.035170078277587891e+00
5.890984535217285156e+00
2.724583446979522705e-01
4.239009022712707520e-01
1.129945397377014160e+00
3.134203851222991943e-01
2.401530444622039795e-01
5.027975559234619141e+00
9.229475259780883789e-01
2.324167639017105103e-01
2.935763895511627197e-01
5.959862709045410156e+00
9.798964858055114746e-01
1.971877664327621460e-01
3.853108406066894531e+00
2.274624556303024292e-01
5.073165893554687500e-01
2.179283201694488525e-01
2.252551764249801636e-01
2.442163676023483276e-01
1.943853795528411865e-01
1.694271206855773926e+00
5.706875920295715332e-01
1.676261723041534424e-01
2.288583815097808838e-01
8.902788162231445312e-01
1.057048797607421875e+00
2.542589902877807617e-01
3.706653356552124023e+00
9.939352273941040039e-01
9.541833400726318359e-01
2.126809656620025635e-01
3.458717167377471924e-01
6.008374214172363281e+00
2.561759054660797119e-01
7.971274256706237793e-01
4.526684761047363281e+00
1.102393865585327148e+00
5.985130310058593750e+00
8.382032513618469238e-01
1.570742368698120117e+00
8.547015190124511719e-01
1.736086308956146240e-01
1.798189431428909302e-01
1.909906566143035889e-01
2.382480055093765259e-01
5.822969675064086914e-01
3.657945096492767334e-01
2.084542512893676758e-01
1.949392408132553101e-01
1.655588150024414062e-01
1.862657815217971802e-01
2.171760797500610352e-01
3.350360691547393799e-01
4.535625457763671875e+00
1.915080845355987549e-01
1.171641707420349121e+00
5.233262062072753906e+00
1.118382692337036133e+00
1.124409317970275879e+00
2.421629428863525391e-01
5.089965343475341797e+00
2.467231005430221558e-01
5.309314250946044922e+00
5.950184464454650879e-01
2.268579453229904175e-01
2.246286720037460327e-01
5.070662021636962891e+00
7.674907445907592773e-01
5.219013690948486328e+00
4.953486919403076172e+00
2.830374836921691895e-01
2.046978771686553955e-01
1.263349890708923340e+00
1.635684728622436523e+00
6.751040220260620117e-01
3.652651071548461914e+00
3.275572657585144043e-01
5.048483848571777344e+00
2.522040605545043945e-01
4.966339588165283203e+00
7.055723667144775391e-01
2.351952344179153442e-01
7.791873216629028320e-01
5.146289825439453125e+00
2.095216065645217896e-01
7.390806674957275391e-01
5.126794815063476562e+00
5.695439338684082031e+00
2.644273042678833008e-01
4.863355159759521484e+00
1.970620155334472656e-01
3.469778299331665039e+00
5.182290077209472656e+00
3.165056943893432617e+00
2.569729983806610107e-01
5.319683551788330078e-01
2.145771384239196777e-01
4.810887336730957031e+00
3.216207981109619141e+00
5.276971817016601562e+00
5.264537334442138672e+00
3.612647056579589844e+00
4.920381069183349609e+00
2.248782068490982056e-01
2.131941318511962891e-01
2.033416479825973511e-01
2.430191487073898315e-01
4.835494041442871094e+00
2.651499807834625244e-01
3.348521947860717773e+00
2.282996177673339844e-01
2.509331107139587402e-01
2.700559794902801514e-01
4.871514797210693359e+00
2.622083425521850586e-01
2.520106732845306396e-01
3.312974214553833008e+00
3.342633485794067383e+00
4.481523036956787109e+00
3.663765907287597656e+00
4.266345500946044922e+00
1.773124039173126221e-01
4.036916255950927734e+00
1.571868509054183960e-01
2.394070327281951904e-01
1.704092174768447876e-01
5.425224900245666504e-01
1.476164311170578003e-01
2.916914701461791992e+00
2.879718542098999023e+00
3.567653179168701172e+00
3.263203382492065430e+00
3.196246922016143799e-01
3.581708431243896484e+00
3.845597267150878906e+00
2.172210693359375000e+00
2.343829572200775146e-01
3.960605859756469727e+00
2.754818499088287354e-01
1.885580867528915405e-01
3.861810207366943359e+00
1.640560925006866455e-01
3.605254888534545898e+00
2.474151998758316040e-01
1.901490837335586548e-01
1.730002164840698242e-01
1.889242231845855713e-01
1.658854484558105469e-01
1.707055419683456421e-01
2.902678966522216797e+00
1.570756882429122925e-01
3.550481498241424561e-01
8.994414806365966797e-01
2.614538967609405518e-01
1.549715697765350342e-01
3.488746881484985352e+00
3.338200151920318604e-01
3.481757402420043945e+00
2.366295754909515381e-01
1.784016638994216919e-01
3.251764535903930664e+00
8.204323649406433105e-01
3.618087768554687500e-01
2.410905361175537109e-01
3.561687231063842773e+00
1.778061240911483765e-01
1.838432550430297852e-01
3.540175914764404297e+00
7.536870241165161133e-01
2.618944942951202393e-01
1.800083965063095093e-01
3.302989482879638672e+00
3.192551612854003906e+00
2.285730391740798950e-01
2.217836678028106689e-01
6.859412789344787598e-01
2.827904939651489258e+00
3.059784173965454102e+00
3.109117746353149414e+00
2.002784311771392822e-01
3.287673890590667725e-01
3.423293590545654297e+00
7.235487103462219238e-01
3.693201839923858643e-01
1.692813336849212646e-01
2.798088490962982178e-01
1.901210695505142212e-01
1.535782665014266968e-01
3.706677556037902832e-01
2.390278279781341553e-01
2.738710403442382812e+00
3.395500779151916504e-01
1.778209209442138672e+00
2.410750865936279297e+00
3.414126038551330566e-01
2.195212364196777344e+00
2.176246792078018188e-01
1.750461012125015259e-01
2.260499715805053711e+00
2.881535530090332031e+00
2.905867576599121094e+00
3.427578508853912354e-01
1.773360669612884521e-01
7.385354638099670410e-01
2.639892339706420898e+00
2.227398872375488281e+00
6.496210694313049316e-01
6.162138581275939941e-01
3.740895092487335205e-01
2.577014267444610596e-01
2.441785335540771484e-01
3.878720402717590332e-01
1.926301419734954834e-01
7.512629628181457520e-01
1.652850359678268433e-01
1.737888008356094360e-01
2.061983048915863037e-01
3.408774137496948242e-01
2.595275342464447021e-01
2.829008698463439941e-01
3.259394407272338867e+00
2.678593993186950684e-01
2.574760913848876953e-01
2.902567386627197266e+00
3.303720712661743164e+00
3.280726969242095947e-01
3.177994489669799805e+00
1.809467971324920654e-01
2.818505764007568359e+00
7.629544138908386230e-01
3.067936301231384277e-01
5.134335756301879883e-01
2.360129654407501221e-01
6.587912440299987793e-01
5.761108994483947754e-01
7.899392247200012207e-01
5.888230204582214355e-01
5.636020302772521973e-01
3.255265951156616211e-01
2.954936742782592773e+00
1.841935515403747559e-01
3.048672199249267578e+00
1.767708063125610352e-01
3.211061477661132812e+00
6.607192158699035645e-01
2.343513369560241699e-01
1.391802281141281128e-01
2.984738111495971680e+00
1.924889981746673584e-01
3.212095201015472412e-01
6.789488196372985840e-01
1.816415339708328247e-01
3.317020177841186523e+00
6.461817026138305664e-01
1.831270754337310791e-01
2.991129398345947266e+00
3.571085333824157715e-01
2.953780412673950195e+00
3.179542779922485352e+00
2.948194980621337891e+00
3.164832293987274170e-01
1.861840486526489258e-01
1.638011336326599121e-01
2.968024492263793945e+00
3.053432464599609375e+00
1.805606633424758911e-01
2.510607838630676270e-01
2.856148719787597656e+00
2.369385957717895508e+00
3.043720722198486328e+00
1.736425161361694336e-01
3.039145469665527344e+00
1.587807238101959229e-01
1.548301279544830322e-01
1.572668254375457764e-01
1.998429894447326660e-01
1.677123904228210449e-01
1.839628368616104126e-01
2.191235542297363281e+00
1.651218682527542114e-01
1.575024276971817017e-01
1.969657421112060547e+00
3.087497472763061523e+00
2.011610031127929688e+00
3.265677690505981445e+00
1.802351325750350952e-01
2.238758325576782227e+00
1.736066579818725586e+00
1.774602532386779785e-01
2.542698681354522705e-01
2.563814222812652588e-01
2.695215940475463867e-01
2.251274347305297852e+00
3.580519855022430420e-01
1.706294566392898560e-01
3.479076623916625977e+00
1.716119349002838135e-01
1.884191036224365234e-01
3.196586370468139648e-01
2.662484943866729736e-01
2.754389941692352295e-01
2.041549384593963623e-01
3.415893316268920898e+00
1.830992847681045532e-01
2.043208330869674683e-01
3.343196213245391846e-01
1.658922433853149414e-01
1.643594652414321899e-01
3.400551795959472656e+00
2.280194312334060669e-01
3.307461142539978027e-01
4.054780900478363037e-01
2.033788263797760010e-01
1.824224889278411865e-01
3.147563934326171875e+00
2.070485502481460571e-01
3.293317317962646484e+00
2.101180255413055420e-01
1.281504631042480469e+00
1.308305710554122925e-01
3.097442150115966797e+00
2.804123759269714355e-01
1.970639526844024658e-01
3.419903993606567383e+00
2.156310528516769409e-01
3.512373685836791992e+00
3.399495840072631836e+00
2.067616879940032959e-01
2.111921310424804688e-01
2.065343260765075684e-01
1.370255798101425171e-01
2.118204236030578613e-01
2.058425992727279663e-01
3.223260402679443359e+00
1.185374855995178223e+00
3.374424457550048828e+00
2.374263554811477661e-01
3.248239755630493164e-01
2.578421533107757568e-01
2.343385070562362671e-01
3.364210426807403564e-01
2.262011915445327759e-01
3.202204704284667969e+00
2.337104231119155884e-01
2.877102375030517578e+00
2.276026010513305664e-01
3.264296054840087891e-01
2.836496829986572266e-01
2.001233994960784912e-01
3.426891267299652100e-01
3.578407764434814453e-01
2.610849857330322266e+00
2.181375622749328613e-01
2.475148200988769531e+00
2.259940505027770996e-01
2.145102918148040771e-01
2.377477437257766724e-01
3.264940679073333740e-01
3.349971473217010498e-01
2.208401560783386230e-01
3.240028321743011475e-01
1.964690536260604858e-01
2.295652329921722412e-01
7.848377823829650879e-01
3.566755950450897217e-01
2.268590629100799561e-01
2.164673507213592529e-01
3.181713223457336426e-01
3.281541466712951660e-01
2.774401903152465820e-01
5.469987392425537109e-01
3.088434934616088867e+00
5.886631608009338379e-01
2.262276649475097656e+00
2.479065954685211182e-01
3.677343726158142090e-01
5.898913145065307617e-01
4.402359426021575928e-01
3.200985789299011230e-01
7.415753602981567383e-01
1.973394155502319336e-01
3.936382234096527100e-01
7.698960304260253906e-01
7.294077873229980469e-01
3.427125215530395508e-01
3.408096134662628174e-01
3.877301812171936035e-01
2.433038353919982910e-01
4.239668548107147217e-01
3.496104180812835693e-01
1.996916979551315308e-01
3.399516046047210693e-01
1.799347043037414551e+00
2.051220893859863281e+00
2.861635684967041016e-01
1.920399188995361328e+00
4.356933534145355225e-01
2.316104650497436523e+00
3.309496343135833740e-01
1.953404694795608521e-01
2.110016793012619019e-01
3.284777402877807617e-01
1.657836437225341797e+00
3.150887489318847656e+00
3.474420011043548584e-01
2.247871875762939453e+00
5.755062699317932129e-01
2.755284905433654785e-01
1.973188161849975586e+00
1.882410794496536255e-01
3.750217258930206299e-01
2.212319076061248779e-01
2.553311586380004883e-01
4.074926972389221191e-01
2.347854524850845337e-01
2.185082674026489258e+00
1.734902858734130859e-01
3.314043998718261719e+00
8.776558041572570801e-01
8.825382590293884277e-01
2.023546218872070312e+00
1.886791884899139404e-01
3.577345132827758789e+00
7.592182159423828125e-01
3.705504536628723145e-01
1.006826400756835938e+00
4.108192622661590576e-01
3.087174177169799805e+00
2.533734083175659180e+00
3.883706927299499512e-01
5.369868278503417969e-01
1.950433731079101562e+00
2.839193105697631836e+00
1.621192842721939087e-01
2.774435997009277344e+00
1.458805948495864868e-01
2.729147434234619141e+00
2.307642936706542969e+00
4.905656278133392334e-01
1.524836272001266479e-01
2.718021631240844727e+00
2.338497400283813477e+00
2.438308477401733398e+00
3.460357189178466797e-01
1.572357714176177979e-01
3.494775772094726562e+00
3.798290729522705078e+00
3.708616256713867188e+00
1.645372062921524048e-01
1.861255913972854614e-01
1.807232350111007690e-01
2.391859292984008789e+00
2.558889865875244141e+00
3.194083690643310547e+00
1.770201921463012695e-01
3.681132197380065918e-01
4.050896167755126953e-01
3.421957492828369141e+00
3.439841270446777344e-01
3.432878017425537109e+00
3.993317186832427979e-01
1.541284769773483276e-01
5.825582146644592285e-01
2.090238928794860840e-01
4.069555997848510742e-01
1.555720120668411255e-01
1.410023719072341919e-01
4.257366359233856201e-01
3.716172575950622559e-01
3.768271803855895996e-01
2.808559834957122803e-01
2.669012248516082764e-01
6.430217027664184570e-01
2.162024497985839844e+00
1.686233282089233398e-01
2.850553989410400391e-01
4.323807954788208008e-01
2.754974365234375000e-01
4.362335801124572754e-01
3.478044509887695312e+00
6.291287541389465332e-01
7.762771248817443848e-01
3.517316579818725586e+00
2.459012717008590698e-01
3.675859451293945312e+00
3.670485019683837891e+00
3.592676162719726562e+00
3.686579465866088867e+00
3.341916084289550781e+00
3.485601902008056641e+00
3.793160438537597656e+00
3.591169118881225586e+00
3.188266158103942871e-01
1.905095726251602173e-01
3.682979345321655273e-01
3.231782615184783936e-01
1.896339803934097290e-01
1.962087303400039673e-01
1.726947575807571411e-01
4.255644381046295166e-01
3.183724403381347656e+00
3.654063940048217773e-01
4.069485664367675781e-01
3.515136241912841797e+00
4.505879878997802734e-01
1.499779671430587769e-01
1.427277177572250366e-01
3.662664175033569336e+00
1.407950222492218018e-01
3.836293816566467285e-01
3.540241956710815430e+00
1.653969734907150269e-01
1.580230742692947388e-01
2.423762679100036621e-01
1.649597585201263428e-01
3.868210613727569580e-01
1.469276100397109985e-01
1.830939412117004395e+00
1.714552044868469238e-01
1.785639286041259766e+00
3.294469833374023438e+00
3.709864616394042969e+00
3.040422677993774414e+00
1.815021783113479614e-01
3.103741407394409180e-01
1.732554197311401367e+00
3.560300767421722412e-01
1.446870267391204834e-01
3.719717979431152344e+00
3.571760654449462891e-01
1.454644352197647095e-01
1.507884114980697632e-01
1.429911702871322632e-01
1.712649315595626831e-01
3.488998174667358398e+00
3.038773298263549805e+00
3.211107254028320312e+00
1.513073146343231201e-01
1.496322751045227051e-01
3.774453997611999512e-01
1.302564740180969238e-01
1.437039524316787720e-01
3.610597550868988037e-01
3.735700368881225586e+00
1.899800300598144531e-01
3.508658647537231445e+00
1.342854201793670654e-01
2.643868625164031982e-01
3.140629529953002930e+00
3.233030557632446289e+00
3.045815467834472656e+00
3.379837512969970703e+00
3.318705558776855469e+00
5.169041752815246582e-01
1.542193740606307983e-01
3.538189411163330078e+00
3.639704465866088867e+00
2.288965284824371338e-01
4.536338746547698975e-01
3.548187494277954102e+00
5.289890766143798828e-01
3.347812175750732422e+00
3.708926439285278320e+00
1.647651046514511108e-01
3.527065992355346680e+00
4.247550666332244873e-01
4.278211593627929688e-01
4.115571975708007812e-01
4.372471868991851807e-01
5.469055771827697754e-01
3.444853305816650391e+00
3.231431722640991211e+00
3.926737606525421143e-01
3.851577997207641602e+00
5.766432881355285645e-01
3.197677373886108398e+00
3.333074331283569336e+00
2.019808888435363770e-01
2.364232838153839111e-01
2.128687351942062378e-01
2.323558479547500610e-01
2.491962015628814697e-01
4.302277266979217529e-01
7.311528325080871582e-01
3.032618165016174316e-01
2.553986310958862305e-01
3.044921159744262695e-01
4.224385321140289307e-01
2.977413892745971680e+00
3.031516551971435547e+00
3.373442649841308594e+00
2.778664827346801758e-01
2.882412970066070557e-01
3.646930694580078125e+00
2.427809536457061768e-01
3.599946022033691406e+00
2.165761590003967285e-01
3.568258583545684814e-01
2.401093840599060059e-01
3.835001885890960693e-01
3.463340520858764648e+00
3.657119989395141602e+00
2.267233133316040039e-01
2.258436530828475952e-01
8.921858072280883789e-01
3.548274993896484375e+00
3.380301237106323242e+00
3.548364639282226562e+00
4.060791432857513428e-01
2.089590281248092651e-01
2.823611497879028320e-01
3.745664596557617188e+00
6.713740825653076172e-01
3.135625720024108887e-01
3.742416203022003174e-01
7.594261169433593750e-01
2.372713983058929443e-01
3.765062570571899414e+00
3.731708288192749023e+00
1.491835713386535645e-01
1.356671005487442017e-01
3.523152172565460205e-01
3.564561307430267334e-01
3.597593903541564941e-01
1.348918974399566650e-01
3.399667263031005859e+00
2.446522712707519531e+00
3.703224658966064453e-01
3.208385705947875977e-01
3.287511348724365234e+00
3.554403543472290039e+00
3.299525260925292969e+00
3.127608299255371094e-01
2.165266871452331543e-01
3.318867981433868408e-01
3.488681018352508545e-01
3.166403055191040039e+00
2.495861053466796875e-01
4.017980396747589111e-01
4.495125710964202881e-01
2.883936882019042969e+00
2.948220491409301758e+00
4.460143744945526123e-01
1.447836011648178101e-01
3.713591098785400391e-01
3.589073419570922852e-01
3.468854129314422607e-01
3.124897718429565430e+00
3.615067005157470703e-01
1.057006835937500000e+00
3.655387461185455322e-01
3.916591107845306396e-01
7.004395723342895508e-01
2.625193834304809570e+00
2.814890623092651367e+00
4.115626513957977295e-01
2.194385975599288940e-01
2.685429155826568604e-01
3.945717811584472656e-01
3.828651010990142822e-01
3.000114262104034424e-01
2.168676108121871948e-01
4.068062007427215576e-01
2.491959571838378906e+00
3.248616456985473633e+00
3.996144533157348633e-01
4.103394150733947754e-01
4.851267337799072266e-01
3.770970106124877930e-01
4.528523981571197510e-01
3.048913002014160156e+00
4.309650361537933350e-01
3.581526875495910645e-01
7.002587318420410156e-01
3.339065611362457275e-01
3.642859160900115967e-01
1.074258804321289062e+00
9.745234251022338867e-01
3.799277544021606445e-01
3.883642256259918213e-01
3.704891800880432129e-01
5.837289690971374512e-01
4.255527973175048828e+00
3.613919019699096680e-01
1.464926451444625854e-01
8.127015829086303711e-01
3.927049636840820312e-01
1.374389678239822388e-01
3.932015597820281982e-01
7.195065617561340332e-01
8.794907331466674805e-01
3.725483119487762451e-01
1.641455143690109253e-01
3.147427320480346680e+00
1.513988226652145386e-01
9.256594181060791016e-01
1.406560242176055908e-01
1.969535946846008301e-01
2.910774946212768555e-01
3.693054914474487305e-01
8.719533681869506836e-01
3.653160929679870605e-01
3.455020189285278320e-01
2.794880390167236328e+00
5.569505691528320312e-01
2.866452932357788086e+00
6.127621531486511230e-01
3.986978530883789062e-01
3.838615417480468750e-01
1.707392781972885132e-01
3.897531330585479736e-01
4.006255865097045898e-01
2.614960670471191406e-01
4.160496592521667480e-01
2.504758238792419434e-01
3.688037097454071045e-01
3.771538734436035156e-01
1.404480934143066406e-01
2.673639059066772461e-01
1.995237708091735840e+00
3.093908071517944336e+00
3.733262717723846436e-01
3.152709007263183594e+00
3.368453979492187500e-01
5.007655024528503418e-01
3.485455513000488281e-01
2.746392250061035156e+00
5.176192522048950195e-01
5.104136466979980469e-01
4.872816503047943115e-01
5.427939295768737793e-01
1.648416817188262939e-01
4.336338639259338379e-01
3.897552192211151123e-01
3.591079413890838623e-01
3.091318607330322266e+00
4.129827022552490234e-01
4.027194678783416748e-01
8.563114404678344727e-01
3.043972730636596680e+00
4.271248877048492432e-01
4.098926782608032227e-01
3.508415520191192627e-01
3.873167335987091064e-01
3.236823320388793945e+00
3.005861759185791016e+00
5.170753598213195801e-01
5.257915854454040527e-01
3.967821002006530762e-01
3.365216970443725586e+00
2.531350851058959961e+00
6.351218819618225098e-01
2.083572745323181152e-01
3.724957108497619629e-01
3.426886081695556641e+00
3.997717499732971191e-01
2.576421201229095459e-01
1.205444037914276123e-01
2.634645700454711914e+00
3.357593774795532227e+00
6.165025830268859863e-01
5.845229625701904297e-01
2.314593315124511719e+00
3.961165547370910645e-01
3.854010701179504395e-01
3.693956136703491211e-01
2.935249090194702148e+00
2.172958105802536011e-01
2.728879451751708984e+00
8.406301140785217285e-01
4.059181809425354004e-01
4.850290119647979736e-01
1.589643359184265137e-01
3.826382458209991455e-01
4.022256731986999512e-01
6.127255558967590332e-01
7.191591858863830566e-01
9.650578498840332031e-01
1.223452463746070862e-01
2.139604389667510986e-01
3.442011356353759766e+00
2.694578886032104492e+00
1.759911298751831055e+00
1.350366175174713135e-01
7.048320174217224121e-01
3.098056554794311523e+00
1.440228223800659180e-01
3.881279826164245605e-01
1.357099413871765137e-01
1.253119111061096191e-01
3.099579811096191406e+00
1.532087326049804688e-01
1.588135063648223877e-01
1.367585510015487671e-01
3.307168722152709961e+00
5.350431203842163086e-01
1.504645645618438721e-01
1.395956873893737793e-01
1.332305520772933960e-01
1.293791234493255615e-01
3.735841035842895508e+00
3.689508438110351562e+00
1.475449800491333008e-01
1.393291652202606201e-01
1.427990049123764038e-01
3.652475476264953613e-01
1.425704658031463623e-01
3.559169292449951172e+00
1.468028873205184937e-01
1.454613953828811646e-01
1.435541510581970215e-01
1.671015322208404541e-01
1.487632989883422852e-01
3.825573921203613281e-01
3.884182929992675781e+00
3.665930628776550293e-01
8.126773238182067871e-01
6.182122230529785156e-01
3.705057501792907715e-01
2.734902799129486084e-01
3.753846287727355957e-01
2.178655713796615601e-01
1.435459852218627930e+00
3.182774066925048828e+00
1.381803452968597412e-01
1.349821984767913818e-01
1.287556290626525879e-01
1.297473013401031494e-01
3.786368072032928467e-01
1.789584755897521973e-01
3.726063668727874756e-01
3.065180063247680664e+00
3.589119613170623779e-01
2.941772699356079102e+00
4.034292697906494141e-01
3.727180957794189453e-01
2.899064123630523682e-01
3.180362701416015625e+00
1.491293162107467651e-01
3.668901622295379639e-01
1.326638311147689819e-01
3.427690863609313965e-01
2.888585090637207031e+00
2.554565668106079102e-01
2.997711420059204102e+00
1.318601369857788086e-01
1.345238089561462402e-01
3.584334552288055420e-01
3.451919257640838623e-01
1.147806569933891296e-01
3.230641365051269531e+00
3.269827604293823242e+00
1.092119812965393066e-01
3.617465198040008545e-01
3.673963248729705811e-01
1.245997771620750427e-01
1.379207223653793335e-01
1.301096975803375244e-01
3.527854084968566895e-01
1.586633771657943726e-01
3.901476263999938965e-01
3.165971040725708008e+00
3.790086805820465088e-01
3.476814985275268555e+00
2.969148159027099609e+00
3.166687250137329102e+00
1.259525865316390991e-01
1.235491409897804260e-01
3.658348023891448975e-01
3.885377943515777588e-01
3.255931377410888672e+00
2.984633445739746094e+00
2.352805852890014648e+00
4.011299014091491699e-01
3.299599885940551758e+00
3.440952897071838379e-01
1.279779970645904541e-01
2.930294513702392578e+00
3.396822214126586914e-01
3.407950639724731445e+00
2.705710887908935547e+00
3.113834142684936523e+00
3.128276586532592773e+00
1.734082549810409546e-01
1.509449183940887451e-01
2.919840097427368164e+00
2.971215724945068359e+00
1.381314098834991455e-01
1.247187852859497070e-01
1.313067674636840820e-01
2.841319799423217773e+00
1.283234506845474243e-01
2.927306890487670898e+00
1.380293518304824829e-01
1.412767469882965088e-01
1.176709085702896118e-01
2.986333370208740234e+00
1.518601477146148682e-01
2.937231540679931641e+00
1.387762725353240967e-01
3.328902244567871094e+00
1.701588332653045654e-01
2.887439429759979248e-01
3.499692082405090332e-01
3.471534848213195801e-01
3.267059922218322754e-01
3.604841530323028564e-01
5.834297537803649902e-01
3.072942197322845459e-01
3.625425398349761963e-01
3.244637012481689453e+00
3.841788172721862793e-01
4.048905670642852783e-01
4.582847356796264648e-01
4.595947563648223877e-01
3.715537071228027344e+00
3.649292945861816406e+00
4.158435165882110596e-01
4.921678602695465088e-01
1.164197325706481934e-01
4.290719509124755859e+00
1.177332401275634766e-01
1.259889155626296997e-01
1.995978474617004395e+00
3.229393959045410156e-01
1.441474407911300659e-01
3.136586844921112061e-01
2.805852293968200684e-01
1.416708230972290039e-01
3.278079032897949219e-01
2.928785383701324463e-01
1.178637072443962097e-01
1.278916150331497192e-01
3.467172384262084961e-01
1.676381528377532959e-01
2.825444042682647705e-01
2.008069604635238647e-01
6.999715566635131836e-01
2.359630614519119263e-01
2.482814937829971313e-01
3.494468331336975098e-01
3.402127325534820557e-01
1.792315244674682617e-01
2.345933765172958374e-01
3.253497600555419922e+00
3.172545731067657471e-01
2.084156572818756104e-01
3.236580133438110352e+00
3.585778474807739258e-01
2.613140642642974854e-01
3.120693206787109375e+00
2.733409404754638672e+00
3.105495929718017578e+00
1.007998228073120117e+00
1.234356015920639038e-01
4.147584915161132812e+00
3.782726526260375977e+00
4.350365638732910156e+00
4.213719367980957031e+00
1.062137484550476074e+00
3.517445623874664307e-01
4.508805572986602783e-01
1.064995601773262024e-01
1.062771081924438477e+00
1.196221560239791870e-01
9.298425912857055664e-01
9.034153819084167480e-01
7.681732773780822754e-01
1.325237601995468140e-01
9.628546833992004395e-01
1.793807446956634521e-01
1.094949245452880859e+00
1.072628125548362732e-01
1.224282145500183105e+00
4.588199138641357422e+00
1.333450227975845337e-01
3.427877664566040039e+00
1.255461812019348145e+00
2.926819622516632080e-01
1.069211959838867188e+00
8.094531893730163574e-01
6.489940643310546875e+00
3.588688969612121582e-01
1.474684625864028931e-01
8.272485733032226562e-01
1.055370807647705078e+00
2.834244370460510254e-01
9.947611689567565918e-01
3.166003227233886719e-01
2.614898979663848877e-01
6.488352298736572266e+00
1.375816762447357178e-01
2.749797105789184570e-01
5.566420078277587891e+00
2.438685595989227295e-01
1.036082029342651367e+00
1.261259764432907104e-01
6.453410625457763672e+00
2.108384817838668823e-01
2.177409827709197998e-01
9.356042742729187012e-01
1.347996592521667480e+00
3.647868931293487549e-01
2.529826164245605469e-01
1.301386058330535889e-01
2.436140626668930054e-01
3.099556863307952881e-01
2.696065008640289307e-01
2.621218264102935791e-01
4.843849182128906250e+00
4.816813945770263672e+00
3.591613054275512695e+00
4.498690605163574219e+00
4.953063964843750000e+00
4.046688079833984375e+00
4.145971775054931641e+00
2.738644838333129883e+00
4.732316017150878906e+00
5.922572016716003418e-01
3.830709457397460938e+00
3.771392345428466797e+00
8.656128048896789551e-01
1.484751403331756592e-01
6.581587791442871094e-01
3.041993379592895508e-01
3.271975517272949219e-01
3.055111765861511230e-01
1.704148054122924805e-01
2.559432744979858398e+00
2.085323333740234375e+00
3.136266469955444336e-01
1.461925655603408813e-01
1.378929466009140015e-01
1.325034946203231812e-01
1.757086068391799927e-01
7.613398432731628418e-01
6.651655435562133789e-01
8.156124353408813477e-01
1.409750282764434814e-01
2.433328330516815186e-01
2.920946180820465088e-01
3.445816636085510254e-01
1.240369528532028198e-01
1.632447689771652222e-01
1.283442378044128418e-01
1.573833525180816650e-01
1.535237133502960205e-01
3.554653823375701904e-01
3.456815719604492188e+00
3.561940193176269531e-01
3.667277991771697998e-01
1.187119603157043457e+00
5.254569649696350098e-01
8.913806080818176270e-01
1.231758892536163330e-01
3.912635147571563721e-01
1.126170754432678223e+00
3.508155822753906250e+00
3.285513818264007568e-01
1.734341830015182495e-01
8.440504670143127441e-01
2.621105015277862549e-01
5.264872908592224121e-01
3.030875623226165771e-01
2.694050073623657227e-01
1.877412796020507812e-01
2.800769209861755371e-01
7.868297100067138672e-01
2.390132248401641846e-01
3.523634195327758789e+00
3.551467180252075195e+00
3.636163949966430664e+00
1.094800159335136414e-01
1.998739242553710938e-01
1.881500482559204102e-01
1.747250258922576904e-01
1.718195378780364990e-01
3.529605150222778320e+00
3.522443294525146484e+00
2.666633129119873047e-01
4.590438604354858398e-01
2.267810106277465820e-01
3.809904336929321289e+00
3.959599435329437256e-01
6.477249264717102051e-01
6.234251856803894043e-01
5.493557453155517578e-01
6.020274162292480469e-01
1.492590755224227905e-01
4.799849987030029297e-01
1.892773211002349854e-01
4.708675742149353027e-01
5.511960983276367188e-01
2.091483026742935181e-01
1.394986659288406372e-01
4.969896078109741211e-01
5.019038915634155273e-01
3.417493999004364014e-01
5.753152370452880859e-01
5.909441113471984863e-01
6.112523674964904785e-01
1.421905159950256348e-01
4.455330967903137207e-01
2.595429122447967529e-01
3.621516942977905273e+00
3.909427165985107422e+00
1.462000012397766113e-01
3.771658182144165039e+00
3.675773382186889648e+00
3.664644479751586914e+00
3.459746599197387695e+00
3.841830253601074219e+00
3.592042922973632812e+00
3.807520389556884766e+00
2.352601438760757446e-01
2.022987008094787598e-01
3.111884593963623047e+00
3.484853506088256836e+00
3.789299964904785156e+00
1.678679138422012329e-01
5.916690230369567871e-01
3.650438547134399414e+00
3.695850372314453125e+00
2.131400704383850098e-01
6.431852579116821289e-01
1.533247828483581543e-01
3.656795501708984375e+00
1.464454978704452515e-01
1.614499837160110474e-01
2.730925083160400391e-01
3.606989145278930664e+00
3.630975723266601562e+00
1.628438681364059448e-01
3.824465274810791016e+00
3.857408761978149414e+00
3.503868103027343750e+00
3.716700077056884766e-01
3.370159268379211426e-01
1.392309069633483887e-01
1.448732465505599976e-01
2.240403443574905396e-01
1.278506368398666382e-01
1.431206166744232178e-01
3.718608617782592773e+00
1.244405135512351990e-01
3.691600561141967773e+00
1.404037177562713623e-01
3.835068464279174805e+00
2.108741521835327148e+00
1.142149865627288818e-01
3.366434812545776367e+00
1.794400215148925781e-01
2.226422280073165894e-01
2.083367705345153809e-01
3.368334770202636719e+00
1.806647330522537231e-01
1.025493443012237549e-01
1.190057620406150818e-01
1.386906802654266357e-01
1.428666114807128906e-01
2.216407805681228638e-01
2.290954440832138062e-01
1.448123008012771606e-01
2.158450037240982056e-01
1.684467941522598267e-01
3.644474744796752930e+00
1.290996670722961426e-01
2.366726994514465332e-01
1.352590471506118774e-01
2.465123981237411499e-01
2.353296428918838501e-01
1.990380585193634033e-01
2.545111179351806641e-01
2.806077301502227783e-01
1.470526605844497681e-01
1.998172849416732788e-01
2.769367992877960205e-01
1.058727502822875977e+00
1.682296395301818848e-01
1.673387438058853149e-01
2.022846043109893799e-01
2.242586761713027954e-01
2.260040640830993652e-01
2.119406759738922119e-01
1.344215869903564453e-01
2.492625564336776733e-01
2.096735239028930664e-01
2.347163110971450806e-01
2.219416350126266479e-01
2.446250915527343750e-01
2.324088811874389648e-01
2.259031534194946289e-01
2.110541611909866333e-01
1.577007472515106201e-01
1.456917375326156616e-01
1.289001554250717163e-01
