1.241877794265747070e+00
2.976653575897216797e-01
2.807870507240295410e-01
9.592282176017761230e-01
2.962374091148376465e-01
2.693870365619659424e-01
2.741023004055023193e-01
2.706337869167327881e-01
2.868466675281524658e-01
2.653732895851135254e-01
2.927045226097106934e-01
2.552779018878936768e-01
3.034313917160034180e-01
6.192345023155212402e-01
3.179537057876586914e+00
3.191678225994110107e-01
1.031838178634643555e+00
7.136119008064270020e-01
1.115986108779907227e+00
3.060156106948852539e-01
1.080754518508911133e+00
3.109361231327056885e-01
3.094068169593811035e-01
7.258887887001037598e-01
2.917194962501525879e-01
2.995026409626007080e-01
3.092971444129943848e-01
8.346741199493408203e-01
2.881679236888885498e-01
2.882297635078430176e-01
3.184623122215270996e-01
2.973153591156005859e-01
2.638458013534545898e-01
1.604302644729614258e+00
9.611821174621582031e-01
2.582365870475769043e-01
2.836404740810394287e-01
2.959062755107879639e-01
7.914921641349792480e-01
8.111879825592041016e-01
2.668508887290954590e-01
2.629122436046600342e-01
2.693229913711547852e-01
2.988052666187286377e-01
2.355814933776855469e+00
2.738892436027526855e-01
2.807045280933380127e-01
1.750577449798583984e+00
2.790687978267669678e-01
1.884749174118041992e+00
1.429476261138916016e+00
1.863670349121093750e+00
2.903136312961578369e-01
5.194637179374694824e-01
2.854920327663421631e-01
2.857612967491149902e-01
2.576371133327484131e-01
1.208010911941528320e+00
6.379730701446533203e-01
2.592454552650451660e-01
2.602512836456298828e-01
2.508101463317871094e-01
3.118040859699249268e-01
2.952187359333038330e-01
6.899482011795043945e-01
6.937518119812011719e-01
2.668936252593994141e-01
8.006141185760498047e-01
2.523395419120788574e-01
3.053695559501647949e-01
2.815437018871307373e-01
6.885029673576354980e-01
5.772620439529418945e-01
9.820485115051269531e-01
7.776926159858703613e-01
1.023814320564270020e+00
2.971316277980804443e-01
1.083003163337707520e+00
5.144597887992858887e-01
3.775256872177124023e+00
4.642824172973632812e+00
4.108177661895751953e+00
8.086310625076293945e-01
4.713314771652221680e-01
9.510910511016845703e-01
4.794512391090393066e-01
1.205848217010498047e+00
1.007477521896362305e+00
1.018001914024353027e+00
5.139492750167846680e-01
8.093412518501281738e-01
4.254628181457519531e+00
1.070782184600830078e+00
2.981938123703002930e-01
4.133940219879150391e+00
2.947876155376434326e-01
4.026569724082946777e-01
8.929175734519958496e-01
1.844492197036743164e+00
9.564310908317565918e-01
2.815994918346405029e-01
3.249547183513641357e-01
3.092995285987854004e-01
4.468227326869964600e-01
1.036351680755615234e+00
2.761951386928558350e-01
2.886953353881835938e-01
3.165454268455505371e-01
1.479407250881195068e-01
8.371468186378479004e-01
1.104767203330993652e+00
9.481115341186523438e-01
2.861987054347991943e-01
2.869181632995605469e-01
2.436716079711914062e+00
3.769424438476562500e+00
8.864538669586181641e-01
2.597392082214355469e+00
6.091044545173645020e-01
1.102174639701843262e+00
7.690247297286987305e-01
8.897746205329895020e-01
4.331613779067993164e-01
9.413164854049682617e-01
5.141375660896301270e-01
6.807479262351989746e-01
8.654912710189819336e-01
7.634366154670715332e-01
4.702187776565551758e-01
7.947709560394287109e-01
2.875406742095947266e-01
3.042288124561309814e-01
5.497942924499511719e+00
2.819229066371917725e-01
2.796664535999298096e-01
5.931609272956848145e-01
5.130118727684020996e-01
4.782985746860504150e-01
2.817970812320709229e-01
2.581228911876678467e-01
1.994000434875488281e+00
2.744079232215881348e-01
2.700594067573547363e-01
1.941173553466796875e+00
2.987676858901977539e-01
3.390088975429534912e-01
4.311205744743347168e-01
2.041809797286987305e+00
1.907394766807556152e+00
6.453126072883605957e-01
7.452649474143981934e-01
1.781728982925415039e+00
6.110950708389282227e-01
6.109338998794555664e-01
1.756227612495422363e+00
3.042608499526977539e-01
5.153810977935791016e-01
2.771548926830291748e-01
1.638157010078430176e+00
2.763095200061798096e-01
5.865925550460815430e-01
6.557121872901916504e-01
2.856937646865844727e-01
7.746208906173706055e-01
5.413883924484252930e-01
5.443857312202453613e-01
1.229117393493652344e+00
3.413534760475158691e-01
3.548605442047119141e-01
2.212617397308349609e+00
9.191980361938476562e-01
5.826259255409240723e-01
8.082833290100097656e-01
6.700176596641540527e-01
2.421689033508300781e+00
5.449359416961669922e+00
8.874759078025817871e-01
8.488172888755798340e-01
7.993038892745971680e-01
7.448204755783081055e-01
7.865214347839355469e-01
6.935271024703979492e-01
5.498538017272949219e+00
1.912555396556854248e-01
1.992457956075668335e-01
8.398309946060180664e-01
9.851482510566711426e-01
6.645457148551940918e-01
8.708294630050659180e-01
6.221336722373962402e-01
2.008187323808670044e-01
3.156016111373901367e+00
3.876459836959838867e+00
8.291633725166320801e-01
7.385273575782775879e-01
5.558353662490844727e-01
9.838843345642089844e-01
1.058613538742065430e+00
5.937771797180175781e-01
3.291445732116699219e+00
5.637440681457519531e-01
6.614238023757934570e-01
6.566064953804016113e-01
3.462882995605468750e+00
6.974750161170959473e-01
8.181335926055908203e-01
5.449396371841430664e-01
5.553597807884216309e-01
5.799098014831542969e-01
1.016330242156982422e+00
8.394560813903808594e-01
8.225720524787902832e-01
3.459690570831298828e+00
3.932647705078125000e-01
6.929056644439697266e-01
7.151913642883300781e-01
7.025498747825622559e-01
3.177059412002563477e+00
7.301845550537109375e-01
6.645907163619995117e-01
3.684928417205810547e+00
2.132360219955444336e+00
6.627823114395141602e-01
2.407757997512817383e+00
2.524985790252685547e+00
9.375744462013244629e-01
6.825347542762756348e-01
3.951731204986572266e+00
2.368412315845489502e-01
1.098769426345825195e+00
5.613946318626403809e-01
4.382593631744384766e+00
1.083945512771606445e+00
6.801599860191345215e-01
8.248872756958007812e-01
1.140364885330200195e+00
1.787454843521118164e+00
8.910028338432312012e-01
1.029651403427124023e+00
8.104538321495056152e-01
1.157028675079345703e+00
3.312717974185943604e-01
4.931071281433105469e+00
1.148605465888977051e+00
2.970712482929229736e-01
8.983055353164672852e-01
9.375756382942199707e-01
3.673050403594970703e-01
3.268718421459197998e-01
1.070548295974731445e+00
3.414411067962646484e+00
1.055338382720947266e+00
1.035243391990661621e+00
4.895538330078125000e+00
9.434303045272827148e-01
8.450403809547424316e-01
2.531573176383972168e-01
1.090649366378784180e+00
4.720486164093017578e+00
3.391812443733215332e-01
4.690872192382812500e+00
2.806650102138519287e-01
4.241180896759033203e+00
3.435601294040679932e-01
2.856111824512481689e-01
2.379968911409378052e-01
2.360685169696807861e-01
1.228892922401428223e+00
1.819646954536437988e+00
2.877338826656341553e-01
3.024640977382659912e-01
1.760458946228027344e+00
2.506610751152038574e-01
1.815324425697326660e+00
1.700331211090087891e+00
1.754904747009277344e+00
2.063388347625732422e+00
2.644741237163543701e-01
3.224325180053710938e-01
5.335456848144531250e+00
1.340893983840942383e+00
3.568049073219299316e-01
9.337496757507324219e-01
7.854639291763305664e-01
6.455771923065185547e-01
1.938377171754837036e-01
1.902159094810485840e+00
1.760798215866088867e+00
1.659899234771728516e+00
6.620740294456481934e-01
1.607253193855285645e+00
1.765881329774856567e-01
6.676456332206726074e-01
7.449808716773986816e-01
3.038851320743560791e-01
5.461468696594238281e-01
2.882905006408691406e-01
4.553476870059967041e-01
1.521708220243453979e-01
3.413320779800415039e-01
1.734433054924011230e+00
9.293578863143920898e-01
7.945960760116577148e-01
3.160456717014312744e-01
3.215922415256500244e-01
1.378936052322387695e+00
3.476741313934326172e-01
6.994694471359252930e-01
1.648994088172912598e+00
2.370992749929428101e-01
3.198457956314086914e-01
3.046081364154815674e-01
2.525065541267395020e-01
2.791522741317749023e-01
1.850723475217819214e-01
2.953695356845855713e-01
1.916699290275573730e+00
2.309781908988952637e-01
1.808359026908874512e+00
1.520685791969299316e+00
6.199638247489929199e-01
2.046860456466674805e+00
2.029053449630737305e+00
2.981528937816619873e-01
2.702858448028564453e-01
2.443248510360717773e+00
2.807843983173370361e-01
2.715936303138732910e-01
2.240392923355102539e+00
3.104586899280548096e-01
2.024335712194442749e-01
7.014839649200439453e-01
4.571654200553894043e-01
2.429003417491912842e-01
2.064690589904785156e+00
1.982761383056640625e+00
2.785792350769042969e-01
4.319834709167480469e-01
3.119237422943115234e-01
1.532044559717178345e-01
6.538653969764709473e-01
3.179334402084350586e-01
3.288642764091491699e-01
2.410257309675216675e-01
1.255223453044891357e-01
2.986739277839660645e-01
2.355323433876037598e-01
7.040501832962036133e-01
2.302125692367553711e-01
7.018150687217712402e-01
1.333773434162139893e-01
1.601370871067047119e-01
3.167447149753570557e-01
1.999602317810058594e-01
3.918810784816741943e-01
3.274388909339904785e-01
1.549196988344192505e-01
5.929650068283081055e-01
5.442033410072326660e-01
5.687929391860961914e-01
6.145678758621215820e-01
3.150665760040283203e-01
5.098606348037719727e-01
5.972717404365539551e-01
1.433937102556228638e-01
7.582198977470397949e-01
6.160081028938293457e-01
3.022741079330444336e-01
1.329982578754425049e-01
2.881349802017211914e+00
2.950228154659271240e-01
1.673648655414581299e-01
4.104868769645690918e-01
1.496418267488479614e-01
1.857702881097793579e-01
1.332591325044631958e-01
2.808175802230834961e+00
2.856032609939575195e+00
5.350759029388427734e-01
3.778927922248840332e-01
3.629846870899200439e-01
5.488646030426025391e-01
3.811338543891906738e-01
6.289857029914855957e-01
5.685544610023498535e-01
3.140773773193359375e-01
1.830745190382003784e-01
1.885391175746917725e-01
1.907928735017776489e-01
1.443375945091247559e-01
2.967988550662994385e-01
1.431436061859130859e+00
4.620439708232879639e-01
1.351844370365142822e-01
1.288074553012847900e-01
5.884506702423095703e-01
5.686110854148864746e-01
1.694573909044265747e-01
1.583940088748931885e-01
2.219078063964843750e+00
2.289110660552978516e+00
3.194347023963928223e-01
1.490967512130737305e+00
1.736729294061660767e-01
3.631358146667480469e-01
1.612105518579483032e-01
3.009282648563385010e-01
4.659042656421661377e-01
1.105963811278343201e-01
1.610157042741775513e-01
1.275399327278137207e-01
1.719745844602584839e-01
1.076014339923858643e-01
5.411043763160705566e-01
2.666978240013122559e-01
8.463662266731262207e-01
1.541716754436492920e-01
1.543256789445877075e-01
5.025357007980346680e-01
1.399278640747070312e-01
3.806177675724029541e-01
4.590981900691986084e-01
3.790911436080932617e-01
3.358320593833923340e-01
5.679320693016052246e-01
1.104700341820716858e-01
1.518698334693908691e-01
4.073959290981292725e-01
1.201183050870895386e-01
2.558072805404663086e-01
3.233125805854797363e-01
1.068413481116294861e-01
2.706459760665893555e-01
1.355939060449600220e-01
5.855083465576171875e-01
8.723910450935363770e-01
1.036880984902381897e-01
1.222989201545715332e+00
1.156555861234664917e-01
1.489895105361938477e+00
5.388424396514892578e-01
1.211754605174064636e-01
3.845176994800567627e-01
5.697309374809265137e-01
3.480507135391235352e-01
2.361511707305908203e+00
3.895910382270812988e-01
2.153708696365356445e+00
4.125401973724365234e-01
1.826243758201599121e+00
2.190750837326049805e+00
4.790996313095092773e-01
6.048600673675537109e-01
7.794218063354492188e-01
5.338491201400756836e-01
1.778558015823364258e+00
4.638580679893493652e-01
6.359816789627075195e-01
3.848987519741058350e-01
1.398580223321914673e-01
1.558961391448974609e+00
7.534939050674438477e-01
5.057185292243957520e-01
4.411351680755615234e-01
1.521707773208618164e+00
1.612207293510437012e-01
1.279987990856170654e-01
7.472560405731201172e-01
4.977546632289886475e-01
1.600441336631774902e-01
4.552724957466125488e-01
1.926312595605850220e-01
3.415995538234710693e-01
3.508700132369995117e-01
1.767912954092025757e-01
5.291448235511779785e-01
1.603404134511947632e-01
2.417711496353149414e+00
1.595598936080932617e+00
2.373162031173706055e+00
1.943101763725280762e+00
1.566800624132156372e-01
3.263151049613952637e-01
5.358924269676208496e-01
2.101800590753555298e-01
5.408264398574829102e-01
1.849115490913391113e-01
1.924056112766265869e-01
2.723471820354461670e-01
1.393069505691528320e+00
1.752078384160995483e-01
6.031162738800048828e-01
1.966937780380249023e-01
1.730791330337524414e-01
1.547446548938751221e-01
2.608908116817474365e-01
5.603873729705810547e-01
1.057499051094055176e+00
5.417014956474304199e-01
5.362959504127502441e-01
1.582922190427780151e-01
1.576084852218627930e+00
1.814702302217483521e-01
1.815902233123779297e+00
1.719268113374710083e-01
1.529408544301986694e-01
1.679130494594573975e-01
1.208322525024414062e+00
1.294291973114013672e+00
1.117945551872253418e+00
1.325518131256103516e+00
7.243926525115966797e-01
1.427447795867919922e+00
1.593849658966064453e-01
1.313375711441040039e+00
1.428444623947143555e+00
2.037103772163391113e-01
5.590637922286987305e-01
2.004718035459518433e-01
2.145895510911941528e-01
5.711007118225097656e-01
1.599379479885101318e-01
2.020341157913208008e+00
1.841354012489318848e+00
1.994432210922241211e+00
2.000713348388671875e+00
2.935839891433715820e-01
8.886047601699829102e-01
1.153402566909790039e+00
2.807707786560058594e-01
1.115111351013183594e+00
2.220578670501708984e+00
2.041667938232421875e+00
2.236376553773880005e-01
3.221782445907592773e-01
3.032697439193725586e-01
2.103753566741943359e+00
2.025082409381866455e-01
2.469063848257064819e-01
1.617085933685302734e-01
1.632674336433410645e-01
1.934799998998641968e-01
1.694556474685668945e-01
1.182283461093902588e-01
2.196074277162551880e-01
1.656280159950256348e+00
1.703705489635467529e-01
2.208170145750045776e-01
2.627605915069580078e+00
2.239937782287597656e-01
6.410284638404846191e-01
2.269380390644073486e-01
7.985851764678955078e-01
2.512262165546417236e-01
1.470917165279388428e-01
2.251485735177993774e-01
3.739312589168548584e-01
6.020719408988952637e-01
1.878030598163604736e-01
6.904845237731933594e-01
5.525423884391784668e-01
2.744810879230499268e-01
3.493188917636871338e-01
1.050193905830383301e+00
3.026671111583709717e-01
2.716612219810485840e-01
5.570363402366638184e-01
3.680306971073150635e-01
3.504427075386047363e-01
4.158030450344085693e-01
1.794771105051040649e-01
1.917022228240966797e+00
2.409744262695312500e-01
1.480772137641906738e+00
2.680760622024536133e-01
1.632499098777770996e+00
1.461035013198852539e+00
2.513055801391601562e-01
3.047282695770263672e-01
2.722405791282653809e-01
3.013241291046142578e+00
3.232963085174560547e-01
4.120536148548126221e-01
3.802040219306945801e-01
2.599034011363983154e-01
2.972303330898284912e-01
3.666802644729614258e-01
1.448741078376770020e+00
2.811972498893737793e-01
2.988054752349853516e-01
6.870428323745727539e-01
2.516824007034301758e-01
6.372283697128295898e-01
5.687731504440307617e-01
5.309339761734008789e-01
2.636239230632781982e-01
2.584606170654296875e+00
2.395056486129760742e+00
2.417656779289245605e-01
1.859960556030273438e-01
2.264200925827026367e+00
2.940242290496826172e-01
3.526688218116760254e-01
2.893295526504516602e+00
2.295372247695922852e+00
1.687803715467453003e-01
2.505110979080200195e+00
2.555631875991821289e+00
2.274454593658447266e+00
4.655738472938537598e-01
1.418882608413696289e-01
2.137918233871459961e+00
1.887614846229553223e+00
2.203650474548339844e+00
2.930986404418945312e+00
1.330822348594665527e+00
2.296576201915740967e-01
1.985026240348815918e+00
1.610914766788482666e-01
1.544387459754943848e+00
7.879126071929931641e-01
1.664560288190841675e-01
1.902162283658981323e-01
1.736799776554107666e-01
1.777505725622177124e-01
1.659751534461975098e-01
2.500402212142944336e+00
1.827517747879028320e-01
1.817816644906997681e-01
1.855633258819580078e-01
1.864458024501800537e-01
6.431999802589416504e-01
1.954292654991149902e-01
1.986785173416137695e+00
2.731921672821044922e-01
2.040920108556747437e-01
2.057637423276901245e-01
2.329985499382019043e-01
1.790321618318557739e-01
1.556093543767929077e-01
1.754557341337203979e-01
1.820400953292846680e-01
1.807566881179809570e-01
5.628696680068969727e-01
3.738976955413818359e+00
3.792321681976318359e-01
3.606538474559783936e-01
2.634999155998229980e-01
1.788543462753295898e-01
2.505063712596893311e-01
2.782111883163452148e+00
2.912978231906890869e-01
1.585751324892044067e-01
1.487408876419067383e-01
1.453315317630767822e-01
1.507418602705001831e-01
1.703981906175613403e-01
5.337941646575927734e-01
1.652822047472000122e-01
1.612079143524169922e-01
6.494807004928588867e-01
1.701482236385345459e-01
2.239902615547180176e-01
2.340986579656600952e-01
1.402567028999328613e-01
2.166315317153930664e+00
2.040976285934448242e+00
2.311909675598144531e+00
3.792096138000488281e+00
3.575625896453857422e+00
2.374587357044219971e-01
1.417492330074310303e-01
3.392133235931396484e+00
3.467218399047851562e+00
1.242966055870056152e-01
3.991497278213500977e+00
4.946196675300598145e-01
6.092635989189147949e-01
3.855571746826171875e+00
2.808239758014678955e-01
2.321019470691680908e-01
2.635482788085937500e+00
1.496582627296447754e-01
6.142486929893493652e-01
1.526939272880554199e-01
1.352076888084411621e+00
3.650922298431396484e+00
2.243030309677124023e+00
2.175684213638305664e+00
2.082199811935424805e+00
1.789148926734924316e+00
2.084318876266479492e+00
1.899787306785583496e+00
2.177478790283203125e+00
2.094676733016967773e+00
3.607850313186645508e+00
2.056971788406372070e+00
2.686102986335754395e-01
2.436003535985946655e-01
1.681237369775772095e-01
2.144611597061157227e+00
2.201711177825927734e+00
2.395320385694503784e-01
2.232171058654785156e+00
1.260139942169189453e-01
2.161625385284423828e+00
2.001420021057128906e+00
2.157466173171997070e+00
2.039654254913330078e+00
1.625438928604125977e-01
1.971678018569946289e+00
7.054989337921142578e-01
2.448725402355194092e-01
6.117396950721740723e-01
1.275769174098968506e-01
2.221138715744018555e+00
3.374670267105102539e+00
1.350343465805053711e+00
2.474891185760498047e+00
2.415169924497604370e-01
5.797966718673706055e-01
1.177418678998947144e-01
1.573944091796875000e+00
1.104338616132736206e-01
2.724135398864746094e+00
6.993575692176818848e-01
2.720523595809936523e+00
1.283740699291229248e-01
2.695081710815429688e+00
1.283840298652648926e+00
2.438191026449203491e-01
7.817640900611877441e-01
2.709215402603149414e+00
6.286928057670593262e-01
2.747941613197326660e-01
2.481415569782257080e-01
5.694402456283569336e-01
5.450827479362487793e-01
1.062988042831420898e-01
2.461985826492309570e+00
2.100878715515136719e+00
2.353770971298217773e+00
4.967726469039916992e-01
2.270416021347045898e+00
1.331948786973953247e-01
1.929898411035537720e-01
2.301592528820037842e-01
9.979259222745895386e-02
2.551705360412597656e+00
2.100213527679443359e+00
2.565509080886840820e+00
2.367143154144287109e+00
1.739946752786636353e-01
2.425419092178344727e-01
2.777633965015411377e-01
5.033404827117919922e-01
2.366253137588500977e+00
2.736185312271118164e+00
2.174617052078247070e+00
2.352774143218994141e-01
2.511573135852813721e-01
2.276948928833007812e+00
2.210993766784667969e+00
1.345887184143066406e-01
8.688368797302246094e-01
2.445371747016906738e-01
7.172795534133911133e-01
9.129879474639892578e-01
2.304934263229370117e+00
1.047825068235397339e-01
2.196307897567749023e+00
2.074149698019027710e-01
1.770726919174194336e+00
2.693010866641998291e-01
2.142494171857833862e-01
2.369672656059265137e-01
1.895921707153320312e+00
2.121564596891403198e-01
2.596852481365203857e-01
6.711068749427795410e-01
1.185524910688400269e-01
2.342201918363571167e-01
1.223670393228530884e-01
2.360955923795700073e-01
1.224835515022277832e+00
2.577265501022338867e-01
1.473752707242965698e-01
2.686848938465118408e-01
1.999623179435729980e-01
1.254666894674301147e-01
5.549426674842834473e-01
2.279554903507232666e-01
6.472440958023071289e-01
2.072519063949584961e-01
2.220778912305831909e-01
2.402379959821701050e-01
1.362963467836380005e-01
2.281461805105209351e-01
2.176292419433593750e+00
2.393699288368225098e-01
2.275355458259582520e-01
2.300657033920288086e+00
1.633861422538757324e+00
1.501725614070892334e-01
2.285348027944564819e-01
2.505470991134643555e+00
2.118545293807983398e+00
2.295826196670532227e+00
1.515242755413055420e-01
2.425692081451416016e-01
2.004569321870803833e-01
1.935292243957519531e+00
2.278188467025756836e+00
1.867918491363525391e+00
2.390119314193725586e+00
2.033596634864807129e-01
2.312516689300537109e+00
1.866148829460144043e+00
2.019941657781600952e-01
2.210458219051361084e-01
1.903972476720809937e-01
1.628053635358810425e-01
2.188616693019866943e-01
1.532272845506668091e-01
1.289067625999450684e+00
1.446574330329895020e-01
1.295737475156784058e-01
1.423651278018951416e-01
1.481475234031677246e-01
2.429767698049545288e-01
2.186164855957031250e+00
2.375385761260986328e+00
1.365502178668975830e-01
1.690181791782379150e-01
1.716801077127456665e-01
2.229557752609252930e+00
1.567454040050506592e-01
2.427250146865844727e+00
1.474769264459609985e-01
1.852925866842269897e-01
1.234453201293945312e+00
1.499266326427459717e-01
2.013448029756546021e-01
1.028611063957214355e+00
1.485345512628555298e-01
2.395053625106811523e+00
1.599715054035186768e-01
1.281697899103164673e-01
1.967447847127914429e-01
1.427067220211029053e-01
1.267756938934326172e+00
1.482414305210113525e-01
1.389324814081192017e-01
1.757295131683349609e-01
1.390972137451171875e-01
1.459707915782928467e-01
1.429548263549804688e-01
2.865577936172485352e+00
2.650328159332275391e+00
1.622926741838455200e-01
1.837413609027862549e-01
1.728496551513671875e-01
1.288536489009857178e-01
2.275318384170532227e+00
1.875422298908233643e-01
1.906507611274719238e+00
2.380483627319335938e+00
1.436140060424804688e+00
1.870726943016052246e-01
1.323213428258895874e-01
1.378562003374099731e-01
1.775503993034362793e+00
1.932915747165679932e-01
1.285436004400253296e-01
1.650868535041809082e+00
1.278678625822067261e-01
1.684427559375762939e-01
1.184054315090179443e-01
1.555067747831344604e-01
1.822874844074249268e-01
1.999737173318862915e-01
7.736821174621582031e-01
1.462401151657104492e-01
2.280934810638427734e+00
7.204203605651855469e-01
1.661105453968048096e-01
2.375571250915527344e+00
1.834426283836364746e+00
1.933119893074035645e-01
1.936555057764053345e-01
4.769449830055236816e-01
1.959566771984100342e-01
1.397469878196716309e+00
1.776469349861145020e+00
4.719132781028747559e-01
1.624075472354888916e-01
1.159785389900207520e+00
2.151488780975341797e+00
1.306881159543991089e-01
1.946131348609924316e+00
1.713288068771362305e+00
4.233368039131164551e-01
4.684253633022308350e-01
7.810932993888854980e-01
5.432147383689880371e-01
9.953665137290954590e-01
1.358882308006286621e+00
1.145701289176940918e+00
5.257203578948974609e-01
2.104403257369995117e+00
1.199610829353332520e-01
2.061043739318847656e+00
8.957831263542175293e-01
1.858624458312988281e+00
1.543199568986892700e-01
2.079713821411132812e+00
8.758658170700073242e-01
2.229991912841796875e+00
1.522108554840087891e+00
1.500724911689758301e+00
1.918740630149841309e+00
1.233542203903198242e+00
1.320367813110351562e+00
1.100486159324645996e+00
1.030480742454528809e+00
1.261155724525451660e+00
1.228839397430419922e+00
1.524168610572814941e+00
8.104280233383178711e-01
1.708624124526977539e+00
1.909932732582092285e+00
1.367246508598327637e+00
1.551417589187622070e+00
7.066561579704284668e-01
1.928425073623657227e+00
1.830596208572387695e+00
1.895083546638488770e+00
1.283826589584350586e+00
1.144226551055908203e+00
1.217131853103637695e+00
1.462585568428039551e+00
1.447165369987487793e+00
7.690839767456054688e-01
1.033748835325241089e-01
1.487737178802490234e+00
9.643877148628234863e-01
9.452303647994995117e-01
1.126501202583312988e+00
1.796791076660156250e+00
9.330409169197082520e-01
1.768156588077545166e-01
9.517913460731506348e-01
1.047156214714050293e+00
1.566778272390365601e-01
1.415485441684722900e-01
7.622854709625244141e-01
1.708211898803710938e-01
1.563213467597961426e-01
1.285166025161743164e+00
8.876179158687591553e-02
1.696142703294754028e-01
8.497428894042968750e-02
1.120370626449584961e+00
2.277322292327880859e+00
1.719966232776641846e-01
1.857923716306686401e-01
1.719295382499694824e-01
2.776473760604858398e-01
1.698861122131347656e-01
1.668054461479187012e-01
9.010412544012069702e-02
1.680009961128234863e-01
1.247272133827209473e+00
1.013859987258911133e+00
1.596133708953857422e-01
1.701543182134628296e-01
1.672842949628829956e-01
1.441709697246551514e-01
1.514555662870407104e-01
1.856653392314910889e-01
1.708975285291671753e-01
1.973716318607330322e-01
1.595918834209442139e-01
8.972926139831542969e-01
2.273216962814331055e+00
2.276481837034225464e-01
1.244974374771118164e+00
1.056858375668525696e-01
2.397070407867431641e+00
2.220779657363891602e+00
1.632775366306304932e-01
1.040324047207832336e-01
9.484611451625823975e-02
2.423881053924560547e+00
2.335469245910644531e+00
1.232201531529426575e-01
1.039779663085937500e+00
1.209406107664108276e-01
1.248732581734657288e-01
2.090269565582275391e+00
1.259683072566986084e-01
1.808035373687744141e-01
1.914550065994262695e+00
2.151548147201538086e+00
1.722370505332946777e+00
2.067257642745971680e+00
1.493428051471710205e-01
1.308970898389816284e-01
1.908523887395858765e-01
5.250059366226196289e-01
1.946845203638076782e-01
2.243317365646362305e+00
1.994783133268356323e-01
2.241493940353393555e+00
1.050535812973976135e-01
1.255560219287872314e-01
2.615949153900146484e+00
1.860630512237548828e-01
1.167354226112365723e+00
1.109144911170005798e-01
1.120027750730514526e-01
1.154276877641677856e-01
2.102669477462768555e+00
1.415280997753143311e-01
2.185925006866455078e+00
2.094830125570297241e-01
1.950192898511886597e-01
1.834669858217239380e-01
1.659624576568603516e-01
1.011921167373657227e-01
2.619581937789916992e+00
2.381399869918823242e+00
1.796114444732666016e-01
1.543468981981277466e-01
3.246725797653198242e-01
1.880745589733123779e-01
9.122866392135620117e-02
2.432097911834716797e+00
2.330560922622680664e+00
2.137329339981079102e+00
9.218482673168182373e-02
1.213092058897018433e-01
1.127226650714874268e-01
9.990158677101135254e-02
1.408844947814941406e+00
2.416786253452301025e-01
2.221478819847106934e-01
2.094655930995941162e-01
1.011726409196853638e-01
1.030541434884071350e-01
1.044680476188659668e-01
1.887330561876296997e-01
1.084198802709579468e-01
1.108725816011428833e-01
1.032570749521255493e-01
2.192941606044769287e-01
1.059370040893554688e-01
9.823863208293914795e-02
1.035685390233993530e-01
9.820468723773956299e-02
1.037041544914245605e-01
1.217083483934402466e-01
1.173193603754043579e-01
1.189690381288528442e-01
1.693159043788909912e-01
1.423654854297637939e-01
2.798395752906799316e-01
1.506377905607223511e-01
2.218658685684204102e+00
9.384464472532272339e-02
2.333866357803344727e-01
1.840737223625183105e+00
2.386215776205062866e-01
1.056492626667022705e-01
2.002700716257095337e-01
9.832854568958282471e-02
1.147556528449058533e-01
1.638647764921188354e-01
1.204054057598114014e-01
1.125055328011512756e-01
1.098530292510986328e-01
1.011144399642944336e+00
1.136457920074462891e-01
1.033526808023452759e-01
1.653627753257751465e-01
1.011240407824516296e-01
1.236831173300743103e-01
1.474970430135726929e-01
1.051785871386528015e-01
1.938039213418960571e-01
2.013650536537170410e-01
1.453980207443237305e-01
1.423048377037048340e+00
6.252600550651550293e-01
1.381697952747344971e-01
1.432390213012695312e-01
4.783087968826293945e-01
1.172713711857795715e-01
1.286147981882095337e-01
1.205536425113677979e-01
3.077538907527923584e-01
9.322863817214965820e-02
1.350179165601730347e-01
2.187551707029342651e-01
1.414681077003479004e-01
9.723931550979614258e-02
4.432785809040069580e-01
6.922570466995239258e-01
1.029660478234291077e-01
1.838140934705734253e-01
3.594006896018981934e-01
9.496618062257766724e-02
1.295048445463180542e-01
1.504325270652770996e-01
1.338308751583099365e-01
1.022566854953765869e-01
1.549684107303619385e-01
1.605884283781051636e-01
1.879591494798660278e-01
1.343979984521865845e-01
1.442852765321731567e-01
7.654545307159423828e-01
1.417404115200042725e-01
1.406437456607818604e-01
1.408795416355133057e-01
7.688645720481872559e-01
1.102208733558654785e+00
4.971525073051452637e-01
1.464799493551254272e-01
1.201374083757400513e-01
1.622066050767898560e-01
1.443526446819305420e-01
1.455936580896377563e-01
1.407080590724945068e-01
1.435269713401794434e-01
1.778326630592346191e-01
1.190165728330612183e-01
1.313917636871337891e+00
1.104886233806610107e-01
1.081393808126449585e-01
1.139315217733383179e-01
1.153744682669639587e-01
1.996891051530838013e-01
1.928517222404479980e-01
1.150626838207244873e-01
1.076170280575752258e-01
1.105789914727210999e-01
1.246769502758979797e-01
1.370682835578918457e+00
1.255994319915771484e+00
2.446582764387130737e-01
1.058442950248718262e+00
1.367361098527908325e-01
1.257033497095108032e-01
1.451096653938293457e+00
1.374294638633728027e+00
1.261935681104660034e-01
1.147793382406234741e-01
1.012539386749267578e+00
1.306101977825164795e-01
1.164495497941970825e-01
1.309186816215515137e-01
1.128223016858100891e-01
1.742791235446929932e-01
1.198850646615028381e-01
1.633693873882293701e-01
2.297808080911636353e-01
1.192933395504951477e-01
1.233412399888038635e-01
2.979968786239624023e+00
1.671837121248245239e-01
2.436569690704345703e+00
1.234630718827247620e-01
2.647064030170440674e-01
1.734302192926406860e-01
1.137499883770942688e-01
1.237629354000091553e-01
1.105695247650146484e+00
1.229356005787849426e-01
1.301966905593872070e-01
9.398846626281738281e-01
1.252695918083190918e+00
1.235233843326568604e-01
1.302782744169235229e-01
1.545889526605606079e-01
1.164796203374862671e-01
1.234050154685974121e+00
1.179016828536987305e+00
3.054641485214233398e-01
1.328812122344970703e+00
1.176213920116424561e-01
1.301687806844711304e-01
1.051172733306884766e+00
1.110438182950019836e-01
1.383107542991638184e+00
1.544138640165328979e-01
1.467438191175460815e-01
1.345303177833557129e+00
1.254506707191467285e-01
1.365116387605667114e-01
1.202585920691490173e-01
1.261534094810485840e-01
1.867234259843826294e-01
2.958236038684844971e-01
1.457725018262863159e-01
1.451978832483291626e-01
1.308962702751159668e-01
2.246308922767639160e-01
4.862727820873260498e-01
1.308602690696716309e-01
1.430231779813766479e-01
1.060047075152397156e-01
1.066095948219299316e+00
1.667283326387405396e-01
1.523186415433883667e-01
6.209551095962524414e-01
1.101547479629516602e-01
1.062167808413505554e-01
1.672284752130508423e-01
9.744730591773986816e-02
1.606804013252258301e+00
1.157168745994567871e-01
9.890449047088623047e-02
1.185405611991882324e+00
1.316540837287902832e+00
1.217414438724517822e-01
1.160987913608551025e-01
1.227193921804428101e-01
9.437089413404464722e-02
1.082644164562225342e-01
9.857447445392608643e-02
9.533523768186569214e-02
9.284919500350952148e-02
2.034560889005661011e-01
1.114602088928222656e-01
1.537116616964340210e-01
1.086062639951705933e-01
1.058165356516838074e-01
1.675605326890945435e-01
1.367819607257843018e-01
1.099451035261154175e-01
1.010878980159759521e-01
1.150868162512779236e-01
1.477579474449157715e-01
1.314934641122817993e-01
2.844806313514709473e-01
1.070970222353935242e-01
2.827325582504272461e+00
1.091385856270790100e-01
1.136281117796897888e-01
1.644757241010665894e-01
1.654617071151733398e+00
1.010988429188728333e-01
1.163963899016380310e-01
9.693184494972229004e-02
1.126892864704132080e-01
4.302287995815277100e-01
1.115576401352882385e-01
1.629333257675170898e+00
2.070541828870773315e-01
1.755465865135192871e-01
1.836633384227752686e-01
1.141084507107734680e-01
1.134405285120010376e-01
1.059441491961479187e-01
1.138812750577926636e-01
9.888599812984466553e-02
9.897343069314956665e-02
1.027172654867172241e-01
1.014067083597183228e-01
9.469026327133178711e-02
1.036770641803741455e-01
2.369115501642227173e-01
1.068128272891044617e-01
1.206901445984840393e-01
2.441227883100509644e-01
1.310500353574752808e-01
2.118436843156814575e-01
2.288967669010162354e-01
2.187228500843048096e-01
9.713689982891082764e-02
1.982396394014358521e-01
1.800259500741958618e-01
1.006753593683242798e-01
1.057398021221160889e-01
1.034763604402542114e-01
1.385221600532531738e+00
1.022915020585060120e-01
1.103088110685348511e-01
1.116626039147377014e-01
1.996141970157623291e-01
3.323200941085815430e-01
2.673625349998474121e-01
1.079817712306976318e-01
1.184849366545677185e-01
1.321859210729598999e-01
3.649263381958007812e-01
4.524296760559082031e+00
2.702849209308624268e-01
5.008599162101745605e-01
1.071786135435104370e-01
3.953442573547363281e-01
4.545543193817138672e-01
1.075392663478851318e-01
2.273729741573333740e-01
1.645207554101943970e-01
1.867241114377975464e-01
1.312380433082580566e+00
3.477017879486083984e-01
3.109709620475769043e-01
1.306244879961013794e-01
1.300107985734939575e-01
1.669889837503433228e-01
2.140575051307678223e-01
4.190286099910736084e-01
3.885860443115234375e-01
3.747092485427856445e-01
1.067197173833847046e-01
3.005419671535491943e-01
1.301603466272354126e-01
1.383847147226333618e-01
1.318425834178924561e-01
1.351303905248641968e-01
1.775492131710052490e-01
1.185830384492874146e-01
1.230978071689605713e-01
1.147939562797546387e-01
8.050941824913024902e-01
1.097482740879058838e-01
1.054258197546005249e-01
1.946676373481750488e-01
1.083394214510917664e-01
1.032060682773590088e-01
1.104541942477226257e-01
1.055771857500076294e-01
1.682297110557556152e+00
6.991224884986877441e-01
5.996859073638916016e-01
1.195574626326560974e-01
1.021768450736999512e-01
1.084506064653396606e-01
1.276566237211227417e-01
7.375322580337524414e-01
1.136242449283599854e-01
9.007102847099304199e-01
1.150678619742393494e-01
1.536996513605117798e-01
1.118099242448806763e-01
7.009334564208984375e-01
1.522986143827438354e-01
1.164962053298950195e-01
1.358299702405929565e-01
1.104617834091186523e+00
1.562017500400543213e-01
1.065528094768524170e-01
1.150948703289031982e-01
1.111361905932426453e-01
1.077340543270111084e-01
1.214261874556541443e-01
1.558798998594284058e-01
1.556724011898040771e-01
1.688997149467468262e-01
4.667391180992126465e-01
1.670259088277816772e-01
1.148041039705276489e-01
1.118128597736358643e-01
1.713290810585021973e-01
1.634377539157867432e-01
1.154036670923233032e-01
1.555612087249755859e-01
6.472234725952148438e-01
2.002473473548889160e-01
1.161985695362091064e-01
1.636323481798171997e-01
1.188284605741500854e-01
4.783373475074768066e-01
1.670217961072921753e-01
3.801235258579254150e-01
2.213279157876968384e-01
1.173226162791252136e-01
1.547661125659942627e-01
1.968662142753601074e-01
3.458136320114135742e+00
1.131890043616294861e-01
1.857035011053085327e-01
1.490657925605773926e-01
8.735292404890060425e-02
8.577701449394226074e-02
9.207379072904586792e-02
1.152911856770515442e-01
1.197536364197731018e-01
1.172417104244232178e-01
1.591554135084152222e-01
1.157145649194717407e-01
1.098984628915786743e-01
1.109361127018928528e-01
2.420169353485107422e+00
1.063094586133956909e-01
2.492231726646423340e-01
1.859663844108581543e+00
3.084254503250122070e+00
2.283865362405776978e-01
1.152114197611808777e-01
1.096823140978813171e-01
1.202482283115386963e-01
1.106309294700622559e-01
1.580667048692703247e-01
1.133060604333877563e-01
1.170352175831794739e-01
2.320560455322265625e+00
1.206736192107200623e-01
1.190058663487434387e-01
9.039949625730514526e-02
8.945638686418533325e-02
8.092031627893447876e-02
3.834013640880584717e-01
3.032247722148895264e-01
1.181821376085281372e-01
1.017924770712852478e-01
9.334999322891235352e-02
2.305988073348999023e-01
1.093530729413032532e-01
2.422484755516052246e-01
2.471325993537902832e-01
1.855627298355102539e-01
2.110216170549392700e-01
1.189651936292648315e-01
8.228491246700286865e-02
1.179550662636756897e-01
1.074976474046707153e-01
1.125664338469505310e-01
1.063145026564598083e-01
1.320941895246505737e-01
1.386874020099639893e-01
1.433070600032806396e-01
1.522441506385803223e-01
1.303155273199081421e-01
9.656863659620285034e-02
1.026539802551269531e-01
1.230273544788360596e-01
1.019259020686149597e-01
4.030622959136962891e+00
1.569843590259552002e-01
1.411965489387512207e-01
1.462040394544601440e-01
1.358071714639663696e-01
2.308076918125152588e-01
1.050929948687553406e-01
2.769531726837158203e+00
9.359883517026901245e-02
1.034651845693588257e-01
1.350918263196945190e-01
1.031626015901565552e-01
1.373237222433090210e-01
3.365045487880706787e-01
2.335825413465499878e-01
1.538305580615997314e-01
1.409877538681030273e-01
2.221398204565048218e-01
1.283651143312454224e-01
1.398066729307174683e-01
1.105703115463256836e-01
1.029638648033142090e-01
1.338715106248855591e-01
1.183388605713844299e-01
1.275722831487655640e-01
5.309326171875000000e+00
1.103095263242721558e-01
1.154328808188438416e-01
1.183160766959190369e-01
1.411926150321960449e-01
1.622866392135620117e-01
1.480030715465545654e-01
2.763745486736297607e-01
4.703267812728881836e-01
8.896852731704711914e-01
1.110521480441093445e-01
1.256630420684814453e-01
1.537199169397354126e-01
2.377475798130035400e-01
1.040537729859352112e-01
3.858483731746673584e-01
1.027258634567260742e-01
2.495884746313095093e-01
1.618524640798568726e-01
1.408225446939468384e-01
1.639051735401153564e-01
1.030026152729988098e-01
4.198628902435302734e+00
4.131952762603759766e+00
2.191847115755081177e-01
1.219017729163169861e-01
1.146178692579269409e-01
1.131518036127090454e-01
1.441929638385772705e-01
2.060868740081787109e-01
2.315843105316162109e-01
1.207720488309860229e-01
8.303015232086181641e-01
1.610358953475952148e-01
1.728646010160446167e-01
3.254462778568267822e-01
3.764940500259399414e-01
1.636074632406234741e-01
1.332764476537704468e-01
1.406189352273941040e-01
1.425433009862899780e-01
3.254717588424682617e-01
1.371217072010040283e-01
1.390279084444046021e-01
1.502442955970764160e-01
3.453326225280761719e-01
1.552401036024093628e-01
1.554170846939086914e-01
1.376297473907470703e-01
1.453628987073898315e-01
1.487834304571151733e-01
1.061070561408996582e-01
1.160320192575454712e-01
1.560290902853012085e-01
3.327377736568450928e-01
1.209759265184402466e-01
1.533183574676513672e+00
1.234733387827873230e-01
1.589044332504272461e-01
1.999626457691192627e-01
1.110668033361434937e-01
3.731310963630676270e-01
1.179033517837524414e-01
3.581272661685943604e-01
4.294124245643615723e-01
2.917193770408630371e-01
3.465709984302520752e-01
4.325341582298278809e-01
1.056955084204673767e-01
1.000554114580154419e-01
1.087286844849586487e-01
1.097509935498237610e-01
1.205756515264511108e-01
1.470645666122436523e-01
4.711431264877319336e-01
1.016708090901374817e-01
1.317350715398788452e-01
1.514021009206771851e-01
1.779491156339645386e-01
2.086510211229324341e-01
3.881858885288238525e-01
3.372617065906524658e-01
3.549538850784301758e-01
1.088789924979209900e-01
1.403506696224212646e-01
1.087381839752197266e-01
1.172532811760902405e-01
1.198761314153671265e-01
1.033785790205001831e-01
4.571790695190429688e-01
3.060856759548187256e-01
1.343883424997329712e-01
1.266026943922042847e-01
1.466602385044097900e-01
2.780497670173645020e-01
6.344715356826782227e-01
3.985167443752288818e-01
1.516142636537551880e-01
1.325982064008712769e-01
1.279518157243728638e-01
1.635966300964355469e-01
6.692742705345153809e-01
3.970738053321838379e-01
1.451030969619750977e-01
8.709815144538879395e-01
1.329299509525299072e-01
5.658497810363769531e-01
1.332600712776184082e-01
4.389746487140655518e-01
5.740321874618530273e-01
1.476775705814361572e-01
7.472088336944580078e-01
3.581213355064392090e-01
1.217313185334205627e-01
1.436120122671127319e-01
7.760582566261291504e-01
6.376194953918457031e-01
1.163733452558517456e-01
1.055251434445381165e-01
9.778235107660293579e-02
1.383136212825775146e-01
9.055702388286590576e-02
1.295385807752609253e-01
4.894293844699859619e-01
8.985619246959686279e-02
1.201054900884628296e-01
8.397567272186279297e-02
1.938740462064743042e-01
2.333220839500427246e-01
1.105319038033485413e-01
1.840386390686035156e-01
1.051281541585922241e-01
1.514515727758407593e-01
1.180735453963279724e-01
1.001283153891563416e-01
1.378425806760787964e-01
8.626346290111541748e-02
1.230525150895118713e-01
1.177076771855354309e-01
1.743436455726623535e-01
1.625179052352905273e-01
1.689131855964660645e+00
1.374975204467773438e+00
1.685020327568054199e-01
1.281172484159469604e-01
9.720432013273239136e-02
1.566050946712493896e-01
8.767388761043548584e-02
1.296983063220977783e-01
9.153104573488235474e-02
1.264500468969345093e-01
8.503115922212600708e-02
4.505070745944976807e-01
1.138049587607383728e-01
1.414914011955261230e+00
8.758321404457092285e-01
1.237409472465515137e+00
9.782328456640243530e-02
1.313678920269012451e-01
1.162935569882392883e-01
1.794992685317993164e+00
1.517671048641204834e-01
1.276389837265014648e+00
1.602089703083038330e-01
1.380126953125000000e+00
9.202542155981063843e-02
9.098541736602783203e-02
1.970780491828918457e-01
1.377909332513809204e-01
1.116523444652557373e-01
1.388511955738067627e-01
4.261575937271118164e-01
4.506893754005432129e-01
7.633566856384277344e-02
1.128979548811912537e-01
4.051975607872009277e-01
1.082720682024955750e-01
4.928034543991088867e-01
1.099153161048889160e-01
1.303280442953109741e-01
9.387851506471633911e-02
1.153739169239997864e-01
1.106052920222282410e-01
1.086717247962951660e-01
4.895237088203430176e-01
1.149076446890830994e-01
9.187036007642745972e-02
1.132584959268569946e-01
1.277481764554977417e-01
9.900116324424743652e-01
7.723408937454223633e-01
1.203689873218536377e-01
1.250880360603332520e-01
1.221425384283065796e-01
1.003114506602287292e-01
9.470796585083007812e-02
9.436331689357757568e-02
9.745062887668609619e-02
9.535822272300720215e-01
1.101297810673713684e-01
1.092732697725296021e-01
3.382521867752075195e-01
9.004289656877517700e-02
9.262481331825256348e-02
1.085832118988037109e+00
9.417425096035003662e-02
1.101611256599426270e-01
1.027712002396583557e-01
9.322686493396759033e-02
1.162012591958045959e-01
7.202684879302978516e-01
1.090008094906806946e-01
1.226264238357543945e-01
1.360823214054107666e-01
1.535843461751937866e-01
1.148221343755722046e-01
1.005898863077163696e-01
9.912387281656265259e-02
8.956754952669143677e-02
8.727935701608657837e-02
9.249906986951828003e-02
9.525960683822631836e-02
1.117210388183593750e-01
9.527035057544708252e-02
1.040109172463417053e-01
9.714131057262420654e-02
1.135479062795639038e-01
5.129579305648803711e-01
9.349313378334045410e-02
8.772949874401092529e-02
9.020081907510757446e-02
9.217531979084014893e-02
8.997047692537307739e-02
9.662804007530212402e-02
1.006849110126495361e-01
9.828682988882064819e-02
8.849176764488220215e-02
8.553024381399154663e-02
9.422902762889862061e-02
1.720709651708602905e-01
1.705672442913055420e-01
1.299248188734054565e-01
1.168234497308731079e-01
1.484545916318893433e-01
3.481118679046630859e-01
5.869351029396057129e-01
2.759924232959747314e-01
1.241149231791496277e-01
4.882952868938446045e-01
2.249742448329925537e-01
1.342312693595886230e-01
5.703814029693603516e-01
1.000304371118545532e-01
1.135745123028755188e-01
1.213582977652549744e-01
1.076817288994789124e-01
1.068337485194206238e-01
1.242663338780403137e-01
1.145755127072334290e-01
1.128526702523231506e-01
1.594717353582382202e-01
1.492144465446472168e-01
1.069580093026161194e-01
1.254019886255264282e-01
1.032833829522132874e-01
2.769419252872467041e-01
1.365976184606552124e-01
2.222839444875717163e-01
1.041724681854248047e-01
2.221815884113311768e-01
1.329406052827835083e-01
9.046779572963714600e-02
1.147105991840362549e-01
1.380632370710372925e-01
2.081778943538665771e-01
1.742614358663558960e-01
1.231869906187057495e-01
1.884264349937438965e-01
1.724539250135421753e-01
1.236552149057388306e-01
1.093369871377944946e-01
5.337375998497009277e-01
1.493059396743774414e-01
2.029795795679092407e-01
1.395114958286285400e-01
1.845868080854415894e-01
1.875720322132110596e-01
1.044972911477088928e-01
1.484513878822326660e-01
6.336838603019714355e-01
6.885190010070800781e-01
1.185964941978454590e-01
1.109713241457939148e-01
8.193742483854293823e-02
2.194965034723281860e-01
3.772327303886413574e-01
4.889262318611145020e-01
1.288085132837295532e-01
1.306529790163040161e-01
1.451615095138549805e-01
1.123018711805343628e-01
1.292824149131774902e-01
1.313733607530593872e-01
1.290203928947448730e-01
1.424446403980255127e-01
1.303931176662445068e-01
1.023237407207489014e-01
1.512097269296646118e-01
6.081392765045166016e-01
9.285232424736022949e-02
2.082349359989166260e-01
1.360053569078445435e-01
6.835116147994995117e-01
1.324770152568817139e-01
8.625903725624084473e-01
1.458657532930374146e-01
7.355652451515197754e-01
1.362409889698028564e-01
1.224231645464897156e-01
1.442975550889968872e-01
1.092845201492309570e-01
6.950866580009460449e-01
1.680190116167068481e-01
1.316808909177780151e-01
1.426406353712081909e-01
9.765455126762390137e-02
1.590586751699447632e-01
1.633471697568893433e-01
6.455334424972534180e-01
1.504341661930084229e-01
1.687655746936798096e-01
1.299125552177429199e-01
1.162756532430648804e-01
1.069574803113937378e-01
1.176314055919647217e-01
1.848211735486984253e-01
1.045534834265708923e-01
1.605709493160247803e-01
1.728871762752532959e-01
7.494263052940368652e-01
1.048356145620346069e-01
9.905661940574645996e-01
1.138425230979919434e+00
1.610840260982513428e-01
7.335472702980041504e-01
9.559474885463714600e-02
1.078950762748718262e+00
1.056061983108520508e-01
8.209374547004699707e-01
1.805049777030944824e-01
1.047399714589118958e-01
7.435074448585510254e-01
6.743647456169128418e-01
9.362486749887466431e-02
9.446854889392852783e-02
9.098846912384033203e-01
9.406943619251251221e-02
8.826358318328857422e-01
1.275589615106582642e-01
9.790303558111190796e-02
7.384949326515197754e-01
1.764502376317977905e-01
1.597268581390380859e-01
1.076851338148117065e-01
1.869993686676025391e+00
2.442693412303924561e-01
1.036196500062942505e-01
1.139254197478294373e-01
1.710259914398193359e-01
9.987537562847137451e-02
1.355294138193130493e-01
8.650057762861251831e-02
1.003111377358436584e-01
1.038478016853332520e-01
1.185317784547805786e-01
1.220571249723434448e-01
1.497384607791900635e-01
1.109242811799049377e-01
1.898119896650314331e-01
1.589991152286529541e-01
1.741002351045608521e-01
1.108848750591278076e-01
1.362659782171249390e-01
1.421885341405868530e-01
1.217927634716033936e-01
6.047023534774780273e-01
1.132954955101013184e-01
1.130280196666717529e-01
6.883549094200134277e-01
1.042981818318367004e-01
1.163133531808853149e-01
1.431171894073486328e-01
1.497351825237274170e-01
1.248200908303260803e-01
1.440041959285736084e-01
1.085122823715209961e-01
2.106064260005950928e-01
8.348996937274932861e-02
6.796922087669372559e-01
1.000378206372261047e-01
1.092357337474822998e-01
1.329254209995269775e-01
4.456183314323425293e-01
1.006028279662132263e-01
6.009961962699890137e-01
7.168550491333007812e-01
7.420592308044433594e-01
8.986932039260864258e-01
1.241762414574623108e-01
6.649801731109619141e-01
1.299584209918975830e-01
1.232103630900382996e-01
9.478307366371154785e-01
1.181473508477210999e-01
1.732650995254516602e-01
1.877201199531555176e-01
1.732737272977828979e-01
7.870272397994995117e-01
1.737320572137832642e-01
1.001654267311096191e-01
6.920826435089111328e-01
9.765312075614929199e-01
1.176088228821754456e-01
2.034365236759185791e-01
1.311307847499847412e-01
2.053151726722717285e-01
1.837405860424041748e-01
2.013322412967681885e-01
1.807163059711456299e-01
1.971893310546875000e-01
5.809875130653381348e-01
6.478139758110046387e-01
1.945414096117019653e-01
1.012706309556961060e-01
1.128766015172004700e-01
9.817554056644439697e-02
9.863236546516418457e-02
1.050831377506256104e-01
1.007145792245864868e-01
9.402375668287277222e-02
1.390459388494491577e-01
1.376395821571350098e+00
1.268264204263687134e-01
1.089240089058876038e-01
2.206469178199768066e-01
1.397955268621444702e-01
1.330840140581130981e-01
1.188637912273406982e-01
6.150927543640136719e-01
5.717505216598510742e-01
1.310680657625198364e-01
8.207856863737106323e-02
1.426054537296295166e-01
1.113279759883880615e-01
1.368881016969680786e-01
2.576992809772491455e-01
9.181409329175949097e-02
1.337572038173675537e-01
1.374222189188003540e-01
1.401136666536331177e-01
2.356810867786407471e-01
2.290097326040267944e-01
2.525950670242309570e-01
2.393326014280319214e-01
2.134629935026168823e-01
1.465411186218261719e-01
6.312422752380371094e-01
1.857470124959945679e-01
1.614912599325180054e-01
1.589076370000839233e-01
1.414188444614410400e-01
1.111819446086883545e-01
1.363644748926162720e-01
1.404404342174530029e-01
1.478115916252136230e-01
1.526665091514587402e-01
1.654188781976699829e-01
2.041472196578979492e-01
1.620504260063171387e-01
9.951966255903244019e-02
2.452992200851440430e-01
1.225013956427574158e-01
1.212933734059333801e-01
9.847970306873321533e-02
1.161654368042945862e-01
1.477051228284835815e-01
1.044785231351852417e-01
5.124841332435607910e-01
1.323840767145156860e-01
1.301866918802261353e-01
9.683732688426971436e-02
1.001413166522979736e-01
1.581755131483078003e-01
9.948915988206863403e-02
1.347586959600448608e-01
1.004197448492050171e-01
1.044274196028709412e-01
1.119014099240303040e-01
7.160450220108032227e-01
7.795049548149108887e-01
1.181673482060432434e-01
6.631200909614562988e-01
1.433082371950149536e-01
1.034099683165550232e-01
1.538845151662826538e-01
1.531987786293029785e-01
1.429881453514099121e-01
7.317341566085815430e-01
1.182814985513687134e-01
8.862821757793426514e-02
1.007062867283821106e-01
4.866071045398712158e-01
1.294407695531845093e-01
1.780107915401458740e-01
1.767113059759140015e-01
9.449419379234313965e-02
1.219390258193016052e-01
8.926507830619812012e-02
8.105739951133728027e-02
8.496123552322387695e-02
7.950907945632934570e-02
1.437188982963562012e-01
9.580016136169433594e-02
7.012469768524169922e-01
6.921414136886596680e-01
8.756900578737258911e-02
9.740579128265380859e-02
2.099608629941940308e-01
1.240877360105514526e-01
1.157469823956489563e-01
1.401697397232055664e-01
8.951317518949508667e-02
9.192600101232528687e-02
8.134043216705322266e-02
8.394418656826019287e-02
8.737929165363311768e-02
1.112110614776611328e-01
1.554654538631439209e-01
7.315703630447387695e-01
7.807460427284240723e-02
6.217247247695922852e-01
6.799885630607604980e-01
6.795445680618286133e-01
1.397485584020614624e-01
8.490844815969467163e-02
8.303901553153991699e-02
8.308415114879608154e-02
8.634734153747558594e-02
9.898408502340316772e-02
1.148123070597648621e-01
1.509074419736862183e-01
1.415556073188781738e-01
1.133736073970794678e-01
1.312083452939987183e-01
1.218187138438224792e-01
9.688735008239746094e-02
1.291519403457641602e-01
1.390789598226547241e-01
1.454661786556243896e-01
1.466632634401321411e-01
1.688603758811950684e-01
1.349984407424926758e-01
1.402703821659088135e-01
9.607197344303131104e-02
1.795795410871505737e-01
1.317078918218612671e-01
1.323270797729492188e-01
9.738709032535552979e-02
1.324881464242935181e-01
1.313866972923278809e-01
2.156705260276794434e-01
1.272597014904022217e-01
1.364706903696060181e-01
1.136037707328796387e-01
1.082559004426002502e-01
1.406836062669754028e-01
2.159594446420669556e-01
1.318615227937698364e-01
9.563755244016647339e-02
9.445555508136749268e-02
1.198773831129074097e-01
9.083488583564758301e-02
1.243227496743202209e-01
1.155641004443168640e-01
1.412914991378784180e-01
1.016127765178680420e-01
1.343109756708145142e-01
1.217323020100593567e-01
1.051203757524490356e-01
1.158122867345809937e-01
1.129455119371414185e-01
1.210244596004486084e-01
9.566902369260787964e-02
1.307229697704315186e-01
1.262547373771667480e-01
2.373204380273818970e-01
1.434883326292037964e-01
1.141970306634902954e-01
1.898985952138900757e-01
1.219664067029953003e-01
1.136575415730476379e-01
8.656193315982818604e-02
1.548446863889694214e-01
1.602887064218521118e-01
1.692014038562774658e-01
1.716069877147674561e-01
4.321310520172119141e-01
1.795123368501663208e-01
1.403577178716659546e-01
9.493859112262725830e-02
1.445367485284805298e-01
1.761916726827621460e-01
1.406202316284179688e-01
1.449405252933502197e-01
1.293944269418716431e-01
1.166182011365890503e-01
1.501451283693313599e-01
9.989658743143081665e-02
1.098137423396110535e-01
9.872563183307647705e-02
1.080159842967987061e-01
1.440396010875701904e-01
1.400171965360641479e-01
1.613587886095046997e-01
1.369391679763793945e-01
1.273242682218551636e-01
1.843043565750122070e-01
1.229936182498931885e-01
1.393578946590423584e-01
1.257381141185760498e-01
1.458263546228408813e-01
1.283126324415206909e-01
1.422850489616394043e-01
1.274441927671432495e-01
1.221545040607452393e-01
1.284046769142150879e-01
1.233591586351394653e-01
9.949745237827301025e-02
1.559168547391891479e-01
1.550556868314743042e-01
1.073464974761009216e-01
1.502905637025833130e-01
1.093488261103630066e-01
2.478697448968887329e-01
1.207579225301742554e-01
1.748786866664886475e-01
1.281575709581375122e-01
1.152179241180419922e-01
1.514934897422790527e-01
1.865847408771514893e-01
1.342547535896301270e-01
2.624266445636749268e-01
1.230188906192779541e-01
2.257918715476989746e-01
2.064176350831985474e-01
2.057390213012695312e-01
1.337757706642150879e-01
1.089293137192726135e-01
1.229034513235092163e-01
1.568176597356796265e-01
1.777355819940567017e-01
1.547418236732482910e-01
1.566729545593261719e-01
2.130115479230880737e-01
1.778481006622314453e-01
1.001396104693412781e-01
1.002754345536231995e-01
1.261518746614456177e-01
1.253315955400466919e-01
1.883613020181655884e-01
1.311545968055725098e-01
1.877964735031127930e-01
9.660782665014266968e-02
1.996973305940628052e-01
1.825631260871887207e-01
1.763171106576919556e-01
2.009060382843017578e-01
2.091139554977416992e-01
1.803054362535476685e-01
1.968685984611511230e-01
1.392391622066497803e-01
1.583346128463745117e-01
1.542268395423889160e-01
7.221321463584899902e-01
1.517179757356643677e-01
1.378660798072814941e-01
9.587850421667098999e-02
1.246244758367538452e-01
1.046812608838081360e-01
1.196321174502372742e-01
1.592824608087539673e-01
1.209336891770362854e-01
1.611262708902359009e-01
1.050945594906806946e-01
1.078268364071846008e-01
2.165294736623764038e-01
1.801743507385253906e-01
1.164584606885910034e-01
8.720983564853668213e-02
1.858064681291580200e-01
8.593468368053436279e-02
1.768651008605957031e-01
1.830498278141021729e-01
1.717734634876251221e-01
1.989785134792327881e-01
9.177356958389282227e-02
1.449190974235534668e-01
1.353755593299865723e-01
1.262445151805877686e-01
1.620133519172668457e-01
1.674181669950485229e-01
1.450086534023284912e-01
6.500325798988342285e-01
1.275471001863479614e-01
9.864012151956558228e-02
9.695126861333847046e-02
1.231141313910484314e-01
2.281762808561325073e-01
1.296672821044921875e-01
2.013888806104660034e-01
9.807477891445159912e-02
1.130351945757865906e-01
1.966559737920761108e-01
1.195461004972457886e-01
1.235068961977958679e-01
8.094900101423263550e-02
1.983520984649658203e-01
1.750933378934860229e-01
1.425578892230987549e-01
2.436266243457794189e-01
1.565783917903900146e-01
8.018242567777633667e-02
1.283034086227416992e-01
2.753453254699707031e-01
2.235850989818572998e-01
9.207228571176528931e-02
1.277229934930801392e-01
1.092049703001976013e-01
2.359478026628494263e-01
2.998054325580596924e-01
2.878108620643615723e-01
1.376331299543380737e-01
1.231723353266716003e-01
1.781738400459289551e-01
9.265784919261932373e-02
1.287683993577957153e-01
1.483131647109985352e-01
9.314087778329849243e-02
1.944214403629302979e-01
1.788307279348373413e-01
1.141824200749397278e-01
1.338462978601455688e-01
2.196916639804840088e-01
1.043075248599052429e-01
1.917165070772171021e-01
2.011210471391677856e-01
1.198954284191131592e-01
2.756082415580749512e-01
1.294525712728500366e-01
1.112546101212501526e-01
3.477363586425781250e-01
2.850252687931060791e-01
2.872363626956939697e-01
1.370145827531814575e-01
1.188118308782577515e-01
8.859963715076446533e-02
3.663484454154968262e-01
3.318287432193756104e-01
9.850300848484039307e-02
9.822539240121841431e-02
1.250960379838943481e-01
9.070846438407897949e-02
9.045605361461639404e-02
1.161217018961906433e-01
1.184142082929611206e-01
9.238074719905853271e-02
1.247951984405517578e-01
1.123771816492080688e-01
1.235729232430458069e-01
1.243100017309188843e-01
9.587791562080383301e-02
8.932936191558837891e-02
3.422394096851348877e-01
9.610049426555633545e-02
9.276110678911209106e-02
3.723966181278228760e-01
2.947089672088623047e-01
1.229254677891731262e-01
3.494009673595428467e-01
2.411914318799972534e-01
2.994444668292999268e-01
1.215030476450920105e-01
1.380479484796524048e-01
1.410554051399230957e-01
9.476214647293090820e-02
1.329782754182815552e-01
1.179360151290893555e-01
1.409970670938491821e-01
1.031719520688056946e-01
1.486196666955947876e-01
1.167337819933891296e-01
2.423768490552902222e-01
1.586307883262634277e-01
2.227714210748672485e-01
1.347817480564117432e-01
2.227966040372848511e-01
1.274548918008804321e-01
1.331105828285217285e-01
8.356136679649353027e-01
2.409462183713912964e-01
1.117986291646957397e-01
1.291558146476745605e-01
1.502487361431121826e-01
1.054373458027839661e-01
2.819100022315979004e-01
1.506544202566146851e-01
1.018976420164108276e-01
2.353059947490692139e-01
1.240771114826202393e-01
2.217006683349609375e-01
2.248123735189437866e-01
2.162844091653823853e-01
1.164938509464263916e-01
1.117428541183471680e-01
1.105353981256484985e-01
2.428621351718902588e-01
2.922239005565643311e-01
9.702851623296737671e-02
2.260715663433074951e-01
2.117086946964263916e-01
2.363812625408172607e-01
1.799284666776657104e-01
1.060447767376899719e-01
2.039721906185150146e-01
1.475855708122253418e-01
1.413086205720901489e-01
1.383475065231323242e-01
1.076694428920745850e-01
3.261177241802215576e-01
1.151254922151565552e-01
2.253158837556838989e-01
1.548063009977340698e-01
1.466181725263595581e-01
2.069460302591323853e-01
2.034393846988677979e-01
2.265351265668869019e-01
1.725200116634368896e-01
1.151611953973770142e-01
2.145864665508270264e-01
1.979800015687942505e-01
1.054667010903358459e-01
1.078647151589393616e-01
1.118930429220199585e-01
1.001505479216575623e-01
2.763834893703460693e-01
1.142032444477081299e-01
1.038970425724983215e-01
2.796437740325927734e-01
8.635276556015014648e-02
1.039731726050376892e-01
1.230607032775878906e-01
1.025568321347236633e-01
1.094583645462989807e-01
1.044957563281059265e-01
1.987541019916534424e-01
1.019490137696266174e-01
1.004134118556976318e-01
1.209258139133453369e-01
9.306401759386062622e-02
9.180468320846557617e-02
2.131212204694747925e-01
1.556988656520843506e-01
2.236114293336868286e-01
1.275298148393630981e-01
1.004276201128959656e-01
9.413290768861770630e-02
2.925071120262145996e-01
9.338667243719100952e-02
2.698288559913635254e-01
1.012081354856491089e-01
2.018751502037048340e-01
1.164566874504089355e-01
3.251121342182159424e-01
2.020363807678222656e-01
9.651601314544677734e-02
2.579915821552276611e-01
9.931319952011108398e-02
2.585403919219970703e-01
2.360112667083740234e-01
9.091102331876754761e-02
1.000107377767562866e-01
1.095973849296569824e-01
1.499662995338439941e-01
1.122572943568229675e-01
9.489552676677703857e-02
2.489464581012725830e-01
2.515913844108581543e-01
2.257457524538040161e-01
2.193271368741989136e-01
1.242596805095672607e-01
8.965367078781127930e-02
1.029155701398849487e-01
1.300674080848693848e-01
1.478189378976821899e-01
2.571208178997039795e-01
1.113943159580230713e-01
2.525579333305358887e-01
9.990945458412170410e-02
1.257306486368179321e-01
1.057036072015762329e-01
9.222547709941864014e-02
1.170180588960647583e-01
1.279524564743041992e-01
1.841782182455062866e-01
9.778397530317306519e-02
2.091803848743438721e-01
9.551873803138732910e-02
9.938858449459075928e-02
1.110791414976119995e-01
1.169039905071258545e-01
1.216111779212951660e-01
9.592307358980178833e-02
1.273956596851348877e-01
9.197026491165161133e-02
1.046652346849441528e-01
1.155989840626716614e-01
1.239024773240089417e-01
9.474164247512817383e-02
9.365431964397430420e-02
1.220554783940315247e-01
1.195761486887931824e-01
8.859701454639434814e-02
1.346746236085891724e-01
1.971647590398788452e-01
1.308955103158950806e-01
1.259012967348098755e-01
9.356342256069183350e-02
1.263052374124526978e-01
1.334335952997207642e-01
1.317217797040939331e-01
1.209402382373809814e-01
1.172517463564872742e-01
9.510818123817443848e-02
1.188013851642608643e-01
1.183933392167091370e-01
1.269940137863159180e-01
1.171784698963165283e-01
1.225496381521224976e-01
1.326638162136077881e-01
1.153603941202163696e-01
1.264521330595016479e-01
1.157276481389999390e-01
2.078169286251068115e-01
1.170528680086135864e-01
1.206717491149902344e-01
1.171112507581710815e-01
7.753604650497436523e-02
1.247436776757240295e-01
1.615458130836486816e-01
1.206706538796424866e-01
1.168887093663215637e-01
2.030832022428512573e-01
2.050551474094390869e-01
1.105478480458259583e-01
1.259201616048812866e-01
1.733850836753845215e-01
1.082520559430122375e-01
1.215552389621734619e-01
1.323674023151397705e-01
1.723126322031021118e-01
1.291293799877166748e-01
7.995917648077011108e-02
1.224071905016899109e-01
7.561236619949340820e-02
8.877034485340118408e-02
1.237271875143051147e-01
9.289737045764923096e-02
1.182571277022361755e-01
1.724584400653839111e-01
2.077153623104095459e-01
1.207597330212593079e-01
1.410004496574401855e-01
2.315824329853057861e-01
1.729222685098648071e-01
2.643307447433471680e-01
1.204179227352142334e-01
1.234472244977951050e-01
1.302812844514846802e-01
1.111390292644500732e-01
3.723936676979064941e-01
2.881694436073303223e-01
1.164359673857688904e-01
1.123691275715827942e-01
4.031034409999847412e-01
5.901811122894287109e-01
1.159279718995094299e-01
5.938772559165954590e-01
1.086584106087684631e-01
3.155802190303802490e-01
2.303176671266555786e-01
1.310209184885025024e-01
1.218090504407882690e-01
4.770286083221435547e-01
1.683602333068847656e-01
1.717067211866378784e-01
1.040709838271141052e-01
9.848104417324066162e-02
2.103416621685028076e-01
1.898810416460037231e-01
2.172751426696777344e-01
9.846069663763046265e-02
1.849587112665176392e-01
2.359460592269897461e-01
1.426040232181549072e-01
1.489674597978591919e-01
1.991055309772491455e-01
1.647252887487411499e-01
1.027774736285209656e-01
1.142969951033592224e-01
1.500706523656845093e-01
1.125322878360748291e-01
1.621441245079040527e-01
1.174990236759185791e-01
9.644740819931030273e-02
1.148727461695671082e-01
1.406885981559753418e-01
1.099271476268768311e-01
9.283512830734252930e-02
9.534706175327301025e-02
1.131136938929557800e-01
1.122263073921203613e-01
1.167133823037147522e-01
1.070027723908424377e-01
1.130712404847145081e-01
1.293263584375381470e-01
2.060720771551132202e-01
2.731725573539733887e-01
1.047806888818740845e-01
9.902004897594451904e-02
1.170045062899589539e-01
1.193083077669143677e-01
6.619632840156555176e-01
1.147040575742721558e-01
1.285287141799926758e-01
3.135892152786254883e-01
1.229456514120101929e-01
5.405723452568054199e-01
3.822317421436309814e-01
3.775950968265533447e-01
5.278665423393249512e-01
6.360797882080078125e-01
5.222918987274169922e-01
5.058866739273071289e-01
3.738700449466705322e-01
1.043320670723915100e-01
4.908384382724761963e-01
1.238847821950912476e-01
1.139592826366424561e-01
9.020347893238067627e-02
9.984271228313446045e-02
4.331554770469665527e-01
1.350868493318557739e-01
2.902533113956451416e-01
1.251319944858551025e-01
1.660282611846923828e-01
2.644582688808441162e-01
1.283129602670669556e-01
4.037528634071350098e-01
4.631909728050231934e-01
2.702503204345703125e-01
3.546680510044097900e-01
1.382251232862472534e-01
3.958681821823120117e-01
4.238024950027465820e-01
9.763316065073013306e-02
1.190045699477195740e-01
1.112387999892234802e-01
1.531868427991867065e-01
2.674996256828308105e-01
1.563581973314285278e-01
1.112483441829681396e-01
1.566347330808639526e-01
2.021602243185043335e-01
2.203672528266906738e-01
2.307181656360626221e-01
1.321067959070205688e-01
1.879956722259521484e-01
1.830855309963226318e-01
1.304963529109954834e-01
2.765385806560516357e-01
2.200675606727600098e-01
1.130037754774093628e-01
3.153757750988006592e-01
3.749261796474456787e-01
3.125122189521789551e-01
1.029794290661811829e-01
2.257592380046844482e-01
2.140718549489974976e-01
1.767271310091018677e-01
1.068684682250022888e-01
1.021259576082229614e-01
1.086944788694381714e-01
1.705737709999084473e-01
1.133818998932838440e-01
1.191597059369087219e-01
1.980603784322738647e-01
3.336728811264038086e-01
1.683092266321182251e-01
8.556136488914489746e-02
3.779161572456359863e-01
1.898181140422821045e-01
1.998101919889450073e-01
2.312897741794586182e-01
2.085893899202346802e-01
1.803976446390151978e-01
1.016268283128738403e-01
3.366443812847137451e-01
1.921859681606292725e-01
1.932192593812942505e-01
1.179532051086425781e+00
1.074153184890747070e-01
1.970143318176269531e-01
1.047618761658668518e-01
2.217417806386947632e-01
2.057516872882843018e-01
4.154501855373382568e-01
2.109823822975158691e-01
1.130818575620651245e-01
1.242802217602729797e-01
1.153448149561882019e-01
1.148367151618003845e-01
1.066262796521186829e-01
1.879312992095947266e-01
1.951854825019836426e-01
1.027092412114143372e-01
2.234910279512405396e-01
1.114175245165824890e-01
2.494709938764572144e-01
1.906552016735076904e-01
9.465476870536804199e-01
1.520208120346069336e-01
1.089079305529594421e-01
5.807129144668579102e-01
9.884104877710342407e-02
1.287463754415512085e-01
1.987130790948867798e-01
1.022221148014068604e-01
9.903641790151596069e-02
2.425577640533447266e-01
1.171224564313888550e-01
1.666814237833023071e-01
1.614329814910888672e-01
1.728456765413284302e-01
9.542517364025115967e-02
9.946359694004058838e-02
1.336278319358825684e-01
4.305634796619415283e-01
1.263816207647323608e-01
1.045751050114631653e-01
1.102639734745025635e-01
1.075841262936592102e-01
1.093066781759262085e-01
1.241004168987274170e-01
1.261267364025115967e-01
6.519140005111694336e-01
5.305067300796508789e-01
3.628066778182983398e-01
1.136779785156250000e-01
1.241544932126998901e-01
1.247561499476432800e-01
1.094365566968917847e-01
6.887733340263366699e-01
1.132645979523658752e-01
1.082996428012847900e-01
1.630993485450744629e-01
1.129393056035041809e-01
1.152886599302291870e-01
2.615735828876495361e-01
1.571602225303649902e-01
1.162197738885879517e-01
1.162806972861289978e-01
1.498642802238464355e+00
1.540124058723449707e+00
1.252422779798507690e-01
1.191297546029090881e-01
1.193687766790390015e-01
1.854512542486190796e-01
1.388793438673019409e-01
1.343210339546203613e-01
1.299348920583724976e-01
1.317318677902221680e-01
1.447763293981552124e-01
1.356387138366699219e-01
1.526506543159484863e-01
1.220259070396423340e-01
1.089443683624267578e+00
1.139474064111709595e-01
1.185262650251388550e-01
1.188946440815925598e-01
7.870306372642517090e-01
1.215975806117057800e-01
1.253452450037002563e-01
1.062955856323242188e-01
1.115746647119522095e-01
1.121508553624153137e-01
1.148704513907432556e-01
1.203948482871055603e-01
1.120588779449462891e-01
1.115101352334022522e-01
1.297276467084884644e-01
1.172395199537277222e-01
1.788443326950073242e-01
1.142337992787361145e-01
1.063715815544128418e-01
1.683366596698760986e-01
1.369811296463012695e-01
1.790321916341781616e-01
1.170738488435745239e-01
7.088661193847656250e-01
4.947187304496765137e-01
1.042118072509765625e-01
1.075874790549278259e-01
5.181430578231811523e-01
1.344218850135803223e-01
1.077127680182456970e-01
1.076384857296943665e-01
2.823308706283569336e-01
1.031176745891571045e-01
4.846229851245880127e-01
4.919870197772979736e-01
1.121797636151313782e-01
6.898515820503234863e-01
4.572307765483856201e-01
1.064046978950500488e+00
1.061411947011947632e-01
2.339574247598648071e-01
1.107878834009170532e-01
1.027921065688133240e-01
2.254802137613296509e-01
2.254214286804199219e-01
9.561471641063690186e-02
9.957054257392883301e-02
9.787961840629577637e-02
6.507564187049865723e-01
9.384025633335113525e-02
9.287821501493453979e-02
1.390905678272247314e-01
8.061897754669189453e-01
5.512651801109313965e-01
1.405479460954666138e-01
1.013021841645240784e-01
7.942137122154235840e-01
2.595067918300628662e-01
1.067000702023506165e-01
1.269829869270324707e-01
8.711469769477844238e-01
1.231402680277824402e-01
2.218008488416671753e-01
1.489931344985961914e-01
1.428190320730209351e-01
9.632359147071838379e-01
9.901084750890731812e-02
2.578827440738677979e-01
9.859029948711395264e-02
8.533631563186645508e-01
7.190337181091308594e-01
2.032836526632308960e-01
6.947506070137023926e-01
8.205064535140991211e-01
1.119771152734756470e-01
9.315524995326995850e-02
1.222817376255989075e-01
9.736242145299911499e-02
1.032145470380783081e-01
1.402885675430297852e+00
1.135611906647682190e-01
1.219061851501464844e+00
1.166119128465652466e-01
1.207935512065887451e-01
1.119987666606903076e-01
1.040887832641601562e+00
1.929399371147155762e-01
1.062814950942993164e+00
1.176012232899665833e-01
7.431005239486694336e-01
1.186340212821960449e+00
9.019709825515747070e-01
1.250898241996765137e-01
8.728464841842651367e-01
5.597553849220275879e-01
5.749033093452453613e-01
1.281671822071075439e-01
6.568428874015808105e-01
1.102715209126472473e-01
4.232993125915527344e-01
1.087067797780036926e-01
1.008814871311187744e-01
1.074533104896545410e+00
5.869942903518676758e-01
1.090052500367164612e-01
6.435905694961547852e-01
1.011382341384887695e+00
6.692920923233032227e-01
9.979850798845291138e-02
1.052434220910072327e-01
1.116238012909889221e-01
8.304746747016906738e-01
8.497169017791748047e-01
4.956210553646087646e-01
5.138416290283203125e-01
4.993821978569030762e-01
5.277300477027893066e-01
6.839295625686645508e-01
4.668870270252227783e-01
1.222668409347534180e+00
1.064332649111747742e-01
5.208224058151245117e-01
9.948460757732391357e-02
2.298829078674316406e+00
1.245917975902557373e-01
1.272314667701721191e+00
1.012314438819885254e+00
5.404564142227172852e-01
6.692236065864562988e-01
1.400991916656494141e+00
1.080748215317726135e-01
1.017871871590614319e-01
1.003020331263542175e-01
1.117307662963867188e+00
1.490265876054763794e-01
1.076863646507263184e+00
5.359648466110229492e-01
1.020125970244407654e-01
4.408967792987823486e-01
1.273935586214065552e-01
9.933681041002273560e-02
1.055741086602210999e-01
2.967471778392791748e-01
5.012589097023010254e-01
8.759691119194030762e-01
1.577834933996200562e-01
1.367911547422409058e-01
5.615706443786621094e-01
9.206674098968505859e-01
4.869866967201232910e-01
1.358197629451751709e-01
2.424459010362625122e-01
5.091763138771057129e-01
1.304298639297485352e-01
9.611319005489349365e-02
1.396112293004989624e-01
1.388222873210906982e-01
5.986727476119995117e-01
1.331490427255630493e-01
1.389180719852447510e-01
1.349620223045349121e-01
3.894453942775726318e-01
1.838239580392837524e-01
1.252450346946716309e-01
1.312182694673538208e-01
1.392930150032043457e-01
1.313915550708770752e-01
3.968791961669921875e-01
4.918718338012695312e-01
1.174485906958580017e-01
1.399464458227157593e-01
1.325010806322097778e-01
1.054711490869522095e-01
1.386176496744155884e-01
3.465220928192138672e-01
1.373805552721023560e-01
1.281270682811737061e-01
1.325651705265045166e-01
1.199868395924568176e-01
1.402075439691543579e-01
9.877739846706390381e-02
5.396483540534973145e-01
1.025518625974655151e-01
2.768391370773315430e-01
3.314129412174224854e-01
1.127034276723861694e-01
1.227009817957878113e-01
1.174532175064086914e-01
1.196445301175117493e-01
2.393819391727447510e-01
6.076901555061340332e-01
1.239966601133346558e-01
1.345096230506896973e-01
1.345178931951522827e-01
1.196564584970474243e-01
1.071392968297004700e-01
1.303518861532211304e-01
1.816840171813964844e-01
4.491136968135833740e-01
1.178424358367919922e-01
4.657903313636779785e-01
2.047373354434967041e-01
1.023300737142562866e-01
2.590595185756683350e-01
3.758305013179779053e-01
6.147262454032897949e-01
1.086981222033500671e-01
1.180586814880371094e-01
1.091127842664718628e-01
1.546169370412826538e-01
1.482551395893096924e-01
3.719243705272674561e-01
1.032001823186874390e-01
1.106549873948097229e-01
1.231378465890884399e-01
1.161786094307899475e-01
1.435809284448623657e-01
3.231498301029205322e-01
4.482250511646270752e-01
1.285361796617507935e-01
1.015332862734794617e-01
1.090072914958000183e-01
1.223792508244514465e-01
1.362850964069366455e-01
1.222539320588111877e-01
1.155109331011772156e-01
1.096223950386047363e+00
1.037755236029624939e-01
4.042099714279174805e-01
1.222191601991653442e-01
3.571917712688446045e-01
3.164063990116119385e-01
3.507052361965179443e-01
4.583833515644073486e-01
3.704707622528076172e-01
1.185787320137023926e-01
1.107858419418334961e-01
6.808882951736450195e-01
3.243121802806854248e-01
5.139673352241516113e-01
1.091104745864868164e-01
4.943897128105163574e-01
1.192824542522430420e-01
1.294152885675430298e-01
2.703935801982879639e-01
1.564104557037353516e-01
2.480836212635040283e-01
2.291600406169891357e-01
2.565289437770843506e-01
2.628814876079559326e-01
1.168558299541473389e-01
1.284399926662445068e-01
5.543072819709777832e-01
3.376560807228088379e-01
1.119927540421485901e-01
1.198983117938041687e-01
1.294783800840377808e-01
2.761733531951904297e-01
1.048182919621467590e-01
2.322870492935180664e-01
1.443210244178771973e-01
1.574496030807495117e-01
1.213069856166839600e-01
2.090078741312026978e-01
1.327871233224868774e-01
2.119499593973159790e-01
1.160570457577705383e-01
2.895495295524597168e-01
2.013003975152969360e-01
5.673648834228515625e+00
1.158759295940399170e-01
5.600490570068359375e+00
5.475774288177490234e+00
1.019952222704887390e-01
1.280146539211273193e-01
4.281912803649902344e+00
5.483901500701904297e+00
2.460765242576599121e-01
1.263297498226165771e-01
1.352247744798660278e-01
1.247816085815429688e-01
1.221780553460121155e-01
2.447274476289749146e-01
3.022727966308593750e-01
1.240897402167320251e-01
1.100474148988723755e-01
1.342405080795288086e-01
1.350683271884918213e-01
1.229798048734664917e-01
1.335162669420242310e-01
4.255600869655609131e-01
5.600368022918701172e+00
1.266137808561325073e-01
5.659280776977539062e+00
5.420069217681884766e+00
9.820216149091720581e-02
5.840250492095947266e+00
5.480380058288574219e+00
1.326209455728530884e-01
1.156407669186592102e-01
5.425330638885498047e+00
1.192818507552146912e-01
5.541102409362792969e+00
3.695667088031768799e-01
1.376709491014480591e-01
4.833981037139892578e+00
5.125884532928466797e+00
5.375197887420654297e+00
5.429229736328125000e+00
1.273683011531829834e-01
6.590249538421630859e-01
2.474539875984191895e-01
5.723340988159179688e+00
4.416324496269226074e-01
2.558859884738922119e-01
5.591516494750976562e+00
5.761922359466552734e+00
3.879893422126770020e-01
2.813552021980285645e-01
1.575640141963958740e-01
1.444206386804580688e-01
1.284927278757095337e-01
1.289705932140350342e-01
1.665748506784439087e-01
1.798449158668518066e-01
1.580244898796081543e-01
1.282953172922134399e-01
1.287215650081634521e-01
4.588226974010467529e-01
1.370287984609603882e-01
1.276705712080001831e-01
1.156137213110923767e-01
1.369067430496215820e-01
1.204854100942611694e-01
1.220440343022346497e-01
1.977655291557312012e-01
1.510656923055648804e-01
1.847476959228515625e-01
1.229079216718673706e-01
9.552037715911865234e-02
1.300854980945587158e-01
1.962439119815826416e-01
1.639892011880874634e-01
2.063541710376739502e-01
1.405732184648513794e-01
1.360435634851455688e-01
1.483472287654876709e-01
1.480472236871719360e-01
1.675401031970977783e-01
1.717916727066040039e-01
1.543307006359100342e-01
1.421068161725997925e-01
1.251242458820343018e-01
1.020703986287117004e-01
1.231407746672630310e-01
1.102706342935562134e-01
1.075643897056579590e-01
1.283339560031890869e-01
9.960190951824188232e-02
1.063581407070159912e-01
1.224378123879432678e-01
3.213349819183349609e+00
1.195937320590019226e-01
1.273333281278610229e-01
1.329141557216644287e-01
1.735665351152420044e-01
1.863349974155426025e-01
1.097679585218429565e-01
1.709401160478591919e-01
1.128688529133796692e-01
2.141994833946228027e-01
2.109229266643524170e-01
1.981559097766876221e-01
1.065947264432907104e-01
1.136082038283348083e-01
2.102310508489608765e-01
1.362596899271011353e-01
1.383469998836517334e-01
1.334004104137420654e-01
1.441801786422729492e-01
1.469913423061370850e-01
1.398614495992660522e-01
1.491353064775466919e-01
1.366130113601684570e-01
1.456497758626937866e-01
1.527206897735595703e-01
2.973137199878692627e-01
3.254929482936859131e-01
1.172163784503936768e-01
1.710206121206283569e-01
1.479723900556564331e-01
1.990196853876113892e-01
2.005258649587631226e-01
1.188916414976119995e-01
1.418133229017257690e-01
1.041103452444076538e-01
1.676399558782577515e-01
2.043305039405822754e-01
2.456780523061752319e-01
2.211412489414215088e-01
1.221470907330513000e-01
1.614085733890533447e-01
1.139742955565452576e-01
1.079306378960609436e-01
1.087881848216056824e-01
2.413242608308792114e-01
2.045594155788421631e-01
2.294073402881622314e-01
2.398299276828765869e-01
1.337183564901351929e-01
3.618603050708770752e-01
1.399033218622207642e-01
2.568595111370086670e-01
4.890435636043548584e-01
1.824543923139572144e-01
3.545062541961669922e-01
2.128888070583343506e-01
2.005937397480010986e-01
1.117291674017906189e-01
1.679445356130599976e-01
1.238505467772483826e-01
2.622249126434326172e-01
2.101120352745056152e-01
1.063068807125091553e-01
4.976611435413360596e-01
2.500403821468353271e-01
2.630782723426818848e-01
1.128947287797927856e-01
7.944359183311462402e-01
2.286360561847686768e-01
2.045405358076095581e-01
2.047847360372543335e-01
4.541982412338256836e-01
2.082971632480621338e-01
1.156933382153511047e-01
1.888232231140136719e-01
5.169706940650939941e-01
8.109466433525085449e-01
6.132389903068542480e-01
1.097240075469017029e-01
1.647298038005828857e-01
1.690691411495208740e-01
1.660935580730438232e-01
1.862368285655975342e-01
1.149103164672851562e+00
5.859669446945190430e-01
1.188569307327270508e+00
2.727945744991302490e-01
1.923010945320129395e-01
9.802640676498413086e-01
2.168324589729309082e-01
2.465714216232299805e-01
2.008831948041915894e-01
1.805268526077270508e-01
2.347219437360763550e-01
3.181087970733642578e-01
2.019072920083999634e-01
2.349554300308227539e-01
2.103866040706634521e-01
2.197487205266952515e-01
2.104310393333435059e-01
1.506886035203933716e-01
2.404514104127883911e-01
1.647542268037796021e-01
3.477848291397094727e+00
1.724764108657836914e-01
1.845768988132476807e-01
1.702649295330047607e-01
1.997316181659698486e-01
1.994698345661163330e-01
1.922771632671356201e-01
1.519446015357971191e+00
3.302368879318237305e+00
2.098668962717056274e-01
1.860820174217224121e+00
1.556650161743164062e+00
1.605621814727783203e+00
1.715461969375610352e+00
3.173918724060058594e+00
1.510517358779907227e+00
1.785022258758544922e+00
2.205581963062286377e-01
2.177459895610809326e-01
2.373308897018432617e+00
2.376151561737060547e+00
2.198125600814819336e+00
5.700958967208862305e-01
1.392051130533218384e-01
1.549440145492553711e+00
1.943125367164611816e+00
2.179739028215408325e-01
2.036897391080856323e-01
1.716739982366561890e-01
1.594048023223876953e+00
1.529336124658584595e-01
1.631732285022735596e-01
1.655227690935134888e-01
1.481206536293029785e+00
1.583819270133972168e+00
1.538446098566055298e-01
1.331081271171569824e+00
1.407319903373718262e+00
1.614516019821166992e+00
1.523561924695968628e-01
1.381665915250778198e-01
7.855029404163360596e-02
7.973340898752212524e-02
1.770033538341522217e-01
1.514796614646911621e-01
1.297216266393661499e-01
1.382117152214050293e+00
9.142778813838958740e-02
1.329040169715881348e+00
2.373325109481811523e+00
9.629634618759155273e-01
1.186043545603752136e-01
7.592625170946121216e-02
1.028490066528320312e+00
1.079501509666442871e-01
1.796926558017730713e-01
1.938820928335189819e-01
9.691692590713500977e-01
1.105874404311180115e-01
2.098707914352416992e+00
2.619092702865600586e+00
2.447139978408813477e+00
2.346683740615844727e+00
1.929447799921035767e-01
1.754291951656341553e-01
1.553939342498779297e+00
1.988848298788070679e-01
8.351064473390579224e-02
1.375642180442810059e+00
1.512882709503173828e+00
1.937431395053863525e-01
9.105847030878067017e-02
2.047290652990341187e-01
2.149583995342254639e-01
1.591356843709945679e-01
2.389934659004211426e-01
2.431819289922714233e-01
9.912750869989395142e-02
1.756057590246200562e-01
2.343200147151947021e-01
2.436869621276855469e+00
8.999036997556686401e-02
1.813471764326095581e-01
2.210508286952972412e-01
2.268224805593490601e-01
2.282714098691940308e-01
1.747679859399795532e-01
3.506617307662963867e+00
1.922196447849273682e-01
1.329046636819839478e-01
2.134485989809036255e-01
1.733656972646713257e-01
2.230876684188842773e-01
2.348173111677169800e-01
1.475614905357360840e-01
1.814963966608047485e-01
1.242098286747932434e-01
2.630014419555664062e+00
2.632698297500610352e+00
