1.528463959693908691e+00
3.411779165267944336e+00
3.046723127365112305e+00
2.050663709640502930e+00
3.413523912429809570e+00
2.992351770401000977e+00
3.165196418762207031e+00
2.178275108337402344e+00
2.111894845962524414e+00
3.076844453811645508e+00
2.013605356216430664e+00
1.655275225639343262e+00
1.588386535644531250e+00
1.206833481788635254e+00
3.439126253128051758e+00
1.806983470916748047e+00
1.585474491119384766e+00
1.470118880271911621e+00
1.663337945938110352e+00
1.269760251045227051e+00
1.728633522987365723e+00
1.644621729850769043e+00
1.421735286712646484e+00
1.667121171951293945e+00
1.591200709342956543e+00
1.885671854019165039e+00
1.520596504211425781e+00
1.974192380905151367e+00
1.739146232604980469e+00
1.622848391532897949e+00
1.712884902954101562e+00
1.932769656181335449e+00
1.812028408050537109e+00
2.912504911422729492e+00
2.251393318176269531e+00
1.334784150123596191e+00
1.588023066520690918e+00
1.508031249046325684e+00
2.265329122543334961e+00
2.220902204513549805e+00
2.013452291488647461e+00
2.832974195480346680e+00
1.964079022407531738e+00
2.279949188232421875e+00
2.590945959091186523e+00
1.705605745315551758e+00
2.079446315765380859e+00
2.925128459930419922e+00
1.665042042732238770e+00
2.976249217987060547e+00
2.476700305938720703e+00
3.170773506164550781e+00
1.459089756011962891e+00
1.646918892860412598e+00
1.465234994888305664e+00
1.409601211547851562e+00
2.302990198135375977e+00
1.456905841827392578e+00
1.946691155433654785e+00
1.350905776023864746e+00
1.277250647544860840e+00
1.329334616661071777e+00
1.754009127616882324e+00
1.311288475990295410e+00
1.836825489997863770e+00
1.149741768836975098e+00
1.869174242019653320e+00
2.019408702850341797e+00
1.183112144470214844e+00
1.935495734214782715e+00
1.501406073570251465e+00
2.016749858856201172e+00
1.838236689567565918e+00
1.577998876571655273e+00
2.210993528366088867e+00
2.206158638000488281e+00
1.238239765167236328e+00
1.695975065231323242e+00
1.619292736053466797e+00
4.179578781127929688e+00
5.044538021087646484e+00
4.489296436309814453e+00
2.056858777999877930e+00
9.610748887062072754e-01
2.128573417663574219e+00
9.363827109336853027e-01
2.417749404907226562e+00
2.238755941390991211e+00
2.271436691284179688e+00
1.613398432731628418e+00
1.441395878791809082e+00
4.715230464935302734e+00
2.457972049713134766e+00
1.524695396423339844e+00
4.574968814849853516e+00
1.600854158401489258e+00
1.555806756019592285e+00
1.545585632324218750e+00
3.381470203399658203e+00
1.571000456809997559e+00
1.519702553749084473e+00
1.841925740242004395e+00
1.691919088363647461e+00
1.172184228897094727e+00
1.762895941734313965e+00
1.245209097862243652e+00
1.604939222335815430e+00
1.282052159309387207e+00
4.013195991516113281e+00
2.051114797592163086e+00
1.815090894699096680e+00
1.713067650794982910e+00
1.371927857398986816e+00
1.623229265213012695e+00
3.518369197845458984e+00
4.042485237121582031e+00
2.155173540115356445e+00
3.084452152252197266e+00
1.225836753845214844e+00
2.189372062683105469e+00
1.513930559158325195e+00
1.958376646041870117e+00
2.239021539688110352e+00
2.384262800216674805e+00
1.838896751403808594e+00
2.072819948196411133e+00
2.103419303894042969e+00
1.294687032699584961e+00
2.578192949295043945e+00
1.463325381278991699e+00
1.468787670135498047e+00
1.848476767539978027e+00
5.701347351074218750e+00
2.323086023330688477e+00
2.105222940444946289e+00
2.713025808334350586e+00
2.371325254440307617e+00
2.740408658981323242e+00
2.328452587127685547e+00
3.372513294219970703e+00
4.046625137329101562e+00
3.033236026763916016e+00
3.622414827346801758e+00
3.349558353424072266e+00
2.327407836914062500e+00
2.005897283554077148e+00
8.986561298370361328e-01
2.498771905899047852e+00
2.978526115417480469e+00
2.335926294326782227e+00
1.209173679351806641e+00
3.020954132080078125e+00
1.271355390548706055e+00
2.286911010742187500e+00
3.062083482742309570e+00
3.070139646530151367e+00
1.316797018051147461e+00
2.780991315841674805e+00
2.577924728393554688e+00
2.588230371475219727e+00
1.827715635299682617e+00
1.832718610763549805e+00
2.930077314376831055e+00
1.968516945838928223e+00
1.357667088508605957e+00
1.700709223747253418e+00
2.521443128585815430e+00
1.413799405097961426e+00
2.146156072616577148e+00
2.744455337524414062e+00
2.264587402343750000e+00
1.539647817611694336e+00
1.302896499633789062e+00
2.044294118881225586e+00
3.014727115631103516e+00
5.839678764343261719e+00
1.500470519065856934e+00
2.183145523071289062e+00
1.881597876548767090e+00
2.002557516098022461e+00
1.758695125579833984e+00
2.216576099395751953e+00
5.945661067962646484e+00
4.572990417480468750e+00
4.201898097991943359e+00
1.646199941635131836e+00
1.873635172843933105e+00
2.055639982223510742e+00
1.856783151626586914e+00
1.508826971054077148e+00
3.853243112564086914e+00
3.374783277511596680e+00
4.120091915130615234e+00
1.829529404640197754e+00
2.170622110366821289e+00
1.608638882637023926e+00
1.749125361442565918e+00
1.859411001205444336e+00
1.560343027114868164e+00
3.932613372802734375e+00
1.260412454605102539e+00
1.323193311691284180e+00
1.745041012763977051e+00
3.696835279464721680e+00
1.552482128143310547e+00
1.764821052551269531e+00
1.242675542831420898e+00
1.446024298667907715e+00
1.206702470779418945e+00
1.771270871162414551e+00
1.704156398773193359e+00
1.762892603874206543e+00
3.678616523742675781e+00
7.597284317016601562e-01
1.720337390899658203e+00
1.495167851448059082e+00
1.574434399604797363e+00
3.406885623931884766e+00
1.361005306243896484e+00
1.446626663208007812e+00
4.142693519592285156e+00
2.315258979797363281e+00
1.942046642303466797e+00
2.594472169876098633e+00
2.697135448455810547e+00
2.140459060668945312e+00
1.794490814208984375e+00
4.187994003295898438e+00
4.875200271606445312e+00
4.172756195068359375e+00
2.126878976821899414e+00
4.667917251586914062e+00
5.488280773162841797e+00
1.723275303840637207e+00
2.692265510559082031e+00
1.820551514625549316e+00
1.965872764587402344e+00
2.941469430923461914e+00
2.675165176391601562e+00
3.263527154922485352e+00
3.069938659667968750e+00
4.617704868316650391e+00
5.206054687500000000e+00
1.817613720893859863e+00
4.659181118011474609e+00
4.837476253509521484e+00
4.767000675201416016e+00
5.482927799224853516e+00
5.177851676940917969e+00
4.383984088897705078e+00
3.684507369995117188e+00
4.730147838592529297e+00
4.004624366760253906e+00
5.181933403015136719e+00
4.312766075134277344e+00
4.446090698242187500e+00
4.590040206909179688e+00
1.231664776802062988e+00
5.004486560821533203e+00
4.675430774688720703e+00
4.955200195312500000e+00
5.223677158355712891e+00
4.486533641815185547e+00
5.179282188415527344e+00
5.060646057128906250e+00
3.010127782821655273e+00
5.036664962768554688e+00
3.442803859710693359e+00
1.994378447532653809e+00
4.876767158508300781e+00
4.978245735168457031e+00
1.929033517837524414e+00
5.042447566986083984e+00
1.969251990318298340e+00
1.855094909667968750e+00
1.925816178321838379e+00
2.226146221160888672e+00
5.008520603179931641e+00
5.151110649108886719e+00
5.562397480010986328e+00
2.445270538330078125e+00
5.355256080627441406e+00
1.859612345695495605e+00
1.888088345527648926e+00
1.770853519439697266e+00
5.126722335815429688e+00
2.054655790328979492e+00
1.913382530212402344e+00
2.133848905563354492e+00
2.059713840484619141e+00
1.758745551109313965e+00
5.526150226593017578e+00
1.524578809738159180e+00
1.761791586875915527e+00
1.685831308364868164e+00
1.869941830635070801e+00
5.207490444183349609e+00
1.622143745422363281e+00
5.361309647560119629e-01
5.070620059967041016e+00
1.894162774085998535e+00
1.797988414764404297e+00
2.760138273239135742e+00
5.236682891845703125e+00
5.016557216644287109e+00
2.253496646881103516e+00
5.333635807037353516e+00
2.072133541107177734e+00
1.803138375282287598e+00
5.139368534088134766e+00
5.188781738281250000e+00
4.851455211639404297e+00
5.257734298706054688e+00
4.527860164642333984e+00
3.950664401054382324e-01
5.197541713714599609e-01
2.364957809448242188e+00
2.943927288055419922e+00
2.623870372772216797e+00
2.109091520309448242e+00
1.789334535598754883e+00
2.206383705139160156e+00
2.909360885620117188e+00
1.098113059997558594e+00
4.579263210296630859e+00
2.574329376220703125e+00
5.035960674285888672e+00
4.683686733245849609e+00
2.362598896026611328e+00
5.240570306777954102e-01
4.558689594268798828e+00
1.948360681533813477e+00
6.300931572914123535e-01
4.717943668365478516e+00
2.212676763534545898e+00
2.123680353164672852e+00
4.408157169818878174e-01
6.041718125343322754e-01
4.831716120243072510e-01
4.291214466094970703e+00
4.721502304077148438e+00
4.991196155548095703e+00
5.073530673980712891e+00
4.841893672943115234e+00
1.566489577293395996e+00
4.392115592956542969e+00
4.068855345249176025e-01
4.802440166473388672e+00
3.957618474960327148e-01
4.879126071929931641e+00
1.390392184257507324e+00
1.033305168151855469e+00
5.325808048248291016e+00
4.602312147617340088e-01
4.688873291015625000e+00
1.801384329795837402e+00
3.524581491947174072e-01
4.454376220703125000e+00
4.460843563079833984e+00
4.776881217956542969e+00
4.780935764312744141e+00
4.047159194946289062e+00
4.779259204864501953e+00
4.594228267669677734e+00
1.036983370780944824e+00
4.282233715057373047e+00
4.934880256652832031e+00
5.330925583839416504e-01
1.112812519073486328e+00
3.316200733184814453e+00
4.657283782958984375e+00
1.154744148254394531e+00
4.763562202453613281e+00
9.351430535316467285e-01
3.770155608654022217e-01
7.085979580879211426e-01
3.152963876724243164e+00
3.256030321121215820e+00
4.877384662628173828e+00
4.925916194915771484e+00
4.610074520111083984e+00
4.493438720703125000e+00
4.781925201416015625e+00
4.822906017303466797e+00
4.783154010772705078e+00
5.034376621246337891e+00
3.852028846740722656e-01
3.842211663722991943e-01
3.751111328601837158e-01
1.323690772056579590e+00
4.395357131958007812e+00
1.682197332382202148e+00
5.086543083190917969e+00
1.026206612586975098e+00
8.705163598060607910e-01
4.879158020019531250e+00
4.858131408691406250e+00
1.116024971008300781e+00
1.594967365264892578e+00
2.376015186309814453e+00
2.440975189208984375e+00
4.215192317962646484e+00
2.776143312454223633e+00
1.170037746429443359e+00
4.467159748077392578e+00
1.028141856193542480e+00
4.412965774536132812e+00
4.883472919464111328e+00
5.755106806755065918e-01
9.628014564514160156e-01
4.316479861736297607e-01
1.369251847267150879e+00
3.922574818134307861e-01
4.754655361175537109e+00
1.272514462471008301e+00
1.045625209808349609e+00
1.053587555885314941e+00
8.369871973991394043e-01
2.992719173431396484e+00
1.003472566604614258e+00
5.650461912155151367e-01
6.453208923339843750e-01
3.374402761459350586e+00
5.175386667251586914e-01
3.760172843933105469e+00
1.018537878990173340e+00
1.473526239395141602e+00
3.801561355590820312e+00
9.542772173881530762e-01
4.024199962615966797e+00
4.327780723571777344e+00
8.965322971343994141e-01
4.909279823303222656e+00
1.318634748458862305e+00
4.418415069580078125e+00
2.225019693374633789e+00
1.102676391601562500e+00
1.959097385406494141e+00
8.257052302360534668e-01
1.674344539642333984e+00
4.166889667510986328e+00
7.074862718582153320e-01
4.063140869140625000e+00
3.847534418106079102e+00
2.882156372070312500e+00
2.556813716888427734e+00
2.733457088470458984e+00
2.375305891036987305e+00
2.435203313827514648e+00
2.186806440353393555e+00
2.381925821304321289e+00
3.573786020278930664e+00
3.551609516143798828e+00
3.818506956100463867e+00
3.458521842956542969e+00
2.120370149612426758e+00
3.780857086181640625e+00
3.402143239974975586e+00
2.083322763442993164e+00
3.053196370601654053e-01
1.901358485221862793e+00
4.170692443847656250e+00
4.118554115295410156e+00
1.386736273765563965e+00
1.874166488647460938e+00
4.084156155586242676e-01
4.478980541229248047e+00
4.829781055450439453e+00
2.571827173233032227e+00
3.144144713878631592e-01
5.183928012847900391e+00
4.310787618160247803e-01
4.846426963806152344e+00
4.417387485504150391e+00
3.816711604595184326e-01
4.845198631286621094e+00
3.473621010780334473e-01
2.642617225646972656e+00
4.462195396423339844e+00
2.580147981643676758e+00
2.119174718856811523e+00
3.222500383853912354e-01
5.557646274566650391e+00
4.529121398925781250e+00
9.178279042243957520e-01
4.642644882202148438e+00
8.220300674438476562e-01
8.397329449653625488e-01
4.919599533081054688e+00
3.993099927902221680e+00
3.462803065776824951e-01
4.776563644409179688e+00
1.303498148918151855e+00
1.343772411346435547e+00
1.079997539520263672e+00
3.718087673187255859e+00
4.247196197509765625e+00
3.919280767440795898e+00
4.509980678558349609e+00
4.643171787261962891e+00
1.206248641014099121e+00
4.713399887084960938e+00
3.483392894268035889e-01
3.164229393005371094e+00
1.044559240341186523e+00
9.479275941848754883e-01
1.059053063392639160e+00
2.422303199768066406e+00
3.021855592727661133e+00
3.334097623825073242e+00
3.423785448074340820e+00
5.028170108795166016e+00
3.859620571136474609e+00
1.086704134941101074e+00
3.237736701965332031e+00
3.295223236083984375e+00
1.311375737190246582e+00
4.874228954315185547e+00
1.371704578399658203e+00
1.587428331375122070e+00
4.701017379760742188e+00
1.446830868721008301e+00
2.199270248413085938e+00
3.494669198989868164e+00
5.363328456878662109e+00
3.640434741973876953e+00
2.702668190002441406e+00
5.227108478546142578e+00
5.334589958190917969e+00
1.033391356468200684e+00
5.272034168243408203e+00
2.401801347732543945e+00
2.231099128723144531e+00
4.702566564083099365e-01
4.041460990905761719e+00
5.424307584762573242e-01
2.293573379516601562e+00
3.917150020599365234e+00
5.016387701034545898e-01
6.756218433380126953e+00
1.270930767059326172e+00
1.150439739227294922e+00
1.151639461517333984e+00
5.060248851776123047e+00
4.295986592769622803e-01
3.937931060791015625e+00
1.378590106964111328e+00
4.615153372287750244e-01
2.806807756423950195e+00
4.594156146049499512e-01
2.489777565002441406e+00
4.520888626575469971e-01
1.026916980743408203e+00
4.832769632339477539e-01
1.088641524314880371e+00
4.505161345005035400e-01
4.698367595672607422e+00
4.272436618804931641e+00
6.771011352539062500e+00
8.974204063415527344e-01
4.462629795074462891e+00
5.084261298179626465e-01
4.513111114501953125e+00
1.270033001899719238e+00
3.295465469360351562e+00
5.124496817588806152e-01
3.082561969757080078e+00
2.527914047241210938e+00
3.152233362197875977e+00
3.450248956680297852e+00
6.189344406127929688e+00
2.095168352127075195e+00
5.314944982528686523e-01
1.679589748382568359e+00
5.462043285369873047e-01
5.306173324584960938e+00
5.040954589843750000e+00
5.135527849197387695e-01
5.969964265823364258e-01
5.040546059608459473e-01
7.381198883056640625e+00
6.061676144599914551e-01
3.483976602554321289e+00
3.861990451812744141e+00
5.153621435165405273e-01
5.762029290199279785e-01
6.807075738906860352e-01
1.613055944442749023e+00
5.666290521621704102e-01
5.293012261390686035e-01
1.057232141494750977e+00
5.394672155380249023e-01
2.674211263656616211e+00
8.639034032821655273e-01
8.240638971328735352e-01
5.404134988784790039e-01
2.843673706054687500e+00
2.638190269470214844e+00
4.999514520168304443e-01
1.612021446228027344e+00
2.509217977523803711e+00
5.617657303810119629e-01
6.051465272903442383e-01
7.650672435760498047e+00
2.572699546813964844e+00
4.866134643554687500e+00
2.771882534027099609e+00
2.797965526580810547e+00
2.513414621353149414e+00
2.384637355804443359e+00
5.823037624359130859e+00
2.374261140823364258e+00
2.158154249191284180e+00
2.436000347137451172e+00
7.731977462768554688e+00
3.175724267959594727e+00
5.082244873046875000e-01
2.181368589401245117e+00
5.791848182678222656e+00
1.698605895042419434e+00
2.632540941238403320e+00
5.764480590820312500e+00
5.466197967529296875e+00
5.509176731109619141e+00
5.368785381317138672e+00
5.954617500305175781e+00
7.626086235046386719e+00
6.125943660736083984e+00
5.578575611114501953e+00
5.908298492431640625e+00
5.542796134948730469e+00
2.790511131286621094e+00
5.403760910034179688e+00
6.468328475952148438e+00
5.073260068893432617e-01
5.955430984497070312e+00
5.542126178741455078e+00
4.388140738010406494e-01
5.870170593261718750e+00
5.809765815734863281e+00
5.798073291778564453e+00
5.982543945312500000e+00
5.560413837432861328e+00
1.688924074172973633e+00
3.911431312561035156e+00
1.848305225372314453e+00
1.692553043365478516e+00
4.830073416233062744e-01
5.579527854919433594e+00
4.799870848655700684e-01
2.969764947891235352e+00
8.644787669181823730e-01
4.850729465484619141e+00
5.599940299987792969e+00
1.684804439544677734e+00
1.607281923294067383e+00
6.016182899475097656e+00
1.689551711082458496e+00
4.910331249237060547e+00
4.753531932830810547e+00
2.360590219497680664e+00
5.577284812927246094e+00
4.629349112510681152e-01
4.564900398254394531e-01
5.788717746734619141e+00
6.178846836090087891e+00
4.372911453247070312e+00
3.948223829269409180e+00
3.984434127807617188e+00
3.773444890975952148e+00
4.645236432552337646e-01
3.491444587707519531e-01
3.576803445816040039e+00
3.662594556808471680e+00
5.570093631744384766e+00
4.191499710083007812e+00
2.295208930969238281e+00
2.696670532226562500e+00
4.050457477569580078e+00
4.983297288417816162e-01
4.555279314517974854e-01
4.581041812896728516e+00
1.490515828132629395e+00
2.321310043334960938e+00
1.340071320533752441e+00
1.498230695724487305e+00
3.845831394195556641e+00
5.812447071075439453e+00
5.636448383331298828e+00
5.651487350463867188e+00
5.690747261047363281e+00
2.408586263656616211e+00
5.896312713623046875e+00
2.497209787368774414e+00
2.473605632781982422e+00
3.814796209335327148e+00
5.961812019348144531e+00
4.823701679706573486e-01
4.492488801479339600e-01
3.120648384094238281e+00
5.410758972167968750e+00
6.314261913299560547e+00
4.468143880367279053e-01
6.334030151367187500e+00
5.571909427642822266e+00
6.328439712524414062e+00
6.026626110076904297e+00
6.887960433959960938e+00
4.879740715026855469e+00
3.073709011077880859e+00
5.643862247467041016e+00
2.021275043487548828e+00
4.612422287464141846e-01
1.824141621589660645e+00
3.265176415443420410e-01
4.098911285400390625e+00
3.574798822402954102e+00
1.551922082901000977e+00
5.689353942871093750e+00
4.449095726013183594e-01
1.759588122367858887e+00
3.983803033828735352e+00
1.806346178054809570e+00
9.537674188613891602e-01
7.288851261138916016e+00
1.096595525741577148e+00
7.256182193756103516e+00
3.125545382499694824e-01
6.993318557739257812e+00
1.498592376708984375e+00
4.931915104389190674e-01
1.509614944458007812e+00
6.804283142089843750e+00
1.126065135002136230e+00
7.892191410064697266e-01
7.317199707031250000e-01
1.264591217041015625e+00
1.081322193145751953e+00
3.452411174774169922e+00
5.853922843933105469e+00
4.933579444885253906e+00
5.981180667877197266e+00
9.575496912002563477e-01
5.455016613006591797e+00
8.161597847938537598e-01
5.481407046318054199e-01
5.322756767272949219e-01
3.984976291656494141e+00
7.353052139282226562e+00
6.807653427124023438e+00
6.884107589721679688e+00
6.899506092071533203e+00
5.792661905288696289e-01
4.715161621570587158e-01
4.655585885047912598e-01
1.008959889411926270e+00
6.075089931488037109e+00
6.554057598114013672e+00
6.323511123657226562e+00
5.282678604125976562e-01
5.569974780082702637e-01
4.373461246490478516e+00
5.970720767974853516e+00
1.483575463294982910e+00
1.394850134849548340e+00
5.223808884620666504e-01
1.252892374992370605e+00
1.461714625358581543e+00
4.576174259185791016e+00
4.912640571594238281e+00
4.246239662170410156e+00
5.263365507125854492e-01
3.275265932083129883e+00
6.167867183685302734e-01
5.982797145843505859e-01
5.176908373832702637e-01
5.529154777526855469e+00
4.697242677211761475e-01
5.769996047019958496e-01
1.140896320343017578e+00
5.806333541870117188e+00
6.116292476654052734e-01
5.461437702178955078e+00
6.147754192352294922e-01
1.778052330017089844e+00
6.019818782806396484e-01
3.038312435150146484e+00
6.218301653861999512e-01
5.195547938346862793e-01
4.242269039154052734e+00
8.327614068984985352e-01
5.362111926078796387e-01
9.320532083511352539e-01
4.810568690299987793e-01
5.480079650878906250e-01
5.284414887428283691e-01
5.381044864654541016e+00
4.755844473838806152e-01
6.530590534210205078e+00
5.583259463310241699e-01
5.008028149604797363e-01
6.139889240264892578e+00
1.898583889007568359e+00
5.166028976440429688e+00
4.786191284656524658e-01
6.487633228302001953e+00
6.110511302947998047e+00
6.608319759368896484e+00
5.259716510772705078e+00
4.889593422412872314e-01
5.093642473220825195e-01
6.225605964660644531e+00
6.378612518310546875e+00
5.815891742706298828e+00
6.832551002502441406e+00
4.903239905834197998e-01
6.109417915344238281e+00
6.064764499664306641e+00
4.621043801307678223e-01
5.039187669754028320e-01
4.586112499237060547e-01
5.517125606536865234e+00
4.593481719493865967e-01
4.977637290954589844e+00
1.502913117408752441e+00
5.295883178710937500e+00
5.223561763763427734e+00
5.224348068237304688e+00
5.113705635070800781e+00
4.798034429550170898e-01
6.451144218444824219e+00
6.807819843292236328e+00
5.154219150543212891e+00
4.825277626514434814e-01
5.442951202392578125e+00
6.499814033508300781e+00
5.461417675018310547e+00
6.678273200988769531e+00
5.109696865081787109e+00
1.864464759826660156e+00
1.526134252548217773e+00
5.133463859558105469e+00
4.555528759956359863e-01
1.289073228836059570e+00
5.484301090240478516e+00
6.154042720794677734e+00
5.290320873260498047e+00
5.214266777038574219e+00
4.847699403762817383e-01
4.831184864044189453e+00
1.578117370605468750e+00
4.708734035491943359e+00
4.400345802307128906e+00
5.021898746490478516e-01
4.175766468048095703e+00
4.243385791778564453e+00
4.200685501098632812e+00
6.057570934295654297e+00
6.155710697174072266e+00
5.418854713439941406e+00
4.417461454868316650e-01
4.283274114131927490e-01
4.781433045864105225e-01
5.578272819519042969e+00
4.728261232376098633e-01
2.198931694030761719e+00
6.179841995239257812e+00
1.776441335678100586e+00
2.337013006210327148e+00
5.340420246124267578e+00
4.856317996978759766e+00
5.356410503387451172e+00
4.891156256198883057e-01
4.935820400714874268e-01
4.790911674499511719e+00
4.872182607650756836e-01
4.764790058135986328e+00
4.381933510303497314e-01
4.431343078613281250e+00
4.922046184539794922e+00
5.176214694976806641e+00
9.808943271636962891e-01
4.845676422119140625e+00
6.767077445983886719e+00
1.172086954116821289e+00
5.235144615173339844e+00
7.159482002258300781e+00
6.399974822998046875e+00
5.280184268951416016e+00
5.182580471038818359e+00
8.913609981536865234e-01
5.254081726074218750e+00
5.692693710327148438e+00
6.040791511535644531e+00
9.854931831359863281e-01
5.319216728210449219e+00
1.454617142677307129e+00
6.281715869903564453e+00
5.511879920959472656e-01
6.161084175109863281e+00
5.159341335296630859e+00
8.211845755577087402e-01
1.016956210136413574e+00
9.892631173133850098e-01
9.913296699523925781e-01
1.289459824562072754e+00
1.636462569236755371e+00
1.433532476425170898e+00
8.282637596130371094e-01
5.819582939147949219e+00
4.462624490261077881e-01
4.749178409576416016e+00
1.170274257659912109e+00
6.137432575225830078e+00
5.128875732421875000e+00
6.155494689941406250e+00
1.098358392715454102e+00
4.900138854980468750e+00
1.822811841964721680e+00
1.815615177154541016e+00
3.681126356124877930e+00
1.610595345497131348e+00
1.779693961143493652e+00
1.535396695137023926e+00
1.403053760528564453e+00
1.711451888084411621e+00
1.828132033348083496e+00
1.978345870971679688e+00
1.034222483634948730e+00
3.607243537902832031e+00
3.974331140518188477e+00
1.596238732337951660e+00
3.564018726348876953e+00
1.211893558502197266e+00
3.931574106216430664e+00
4.064500808715820312e+00
4.026105403900146484e+00
1.682006716728210449e+00
1.496673226356506348e+00
1.506733655929565430e+00
3.295260667800903320e+00
3.195822715759277344e+00
1.026382088661193848e+00
3.198007643222808838e-01
1.738666415214538574e+00
1.465463399887084961e+00
1.512906789779663086e+00
1.385449767112731934e+00
5.779270172119140625e+00
1.237482547760009766e+00
4.955722332000732422e+00
1.205753564834594727e+00
1.442139267921447754e+00
5.247529506683349609e+00
2.995586693286895752e-01
1.030950427055358887e+00
5.014705657958984375e+00
1.923840045928955078e+00
3.195715188980102539e+00
2.159043699502944946e-01
4.833140373229980469e+00
2.139690816402435303e-01
1.371939301490783691e+00
4.484968185424804688e+00
5.206089019775390625e+00
5.190543174743652344e+00
5.147716045379638672e+00
8.335255384445190430e-01
5.210088729858398438e+00
5.126028060913085938e+00
5.177428126335144043e-01
5.169411182403564453e+00
1.533978819847106934e+00
1.388746976852416992e+00
5.515060424804687500e+00
2.808565616607666016e+00
4.861166000366210938e+00
5.384031295776367188e+00
5.143000125885009766e+00
1.940401434898376465e+00
2.326766967773437500e+00
7.015348076820373535e-01
1.809126734733581543e+00
1.297762155532836914e+00
6.464129924774169922e+00
6.038670539855957031e-01
1.535677313804626465e+00
4.522842466831207275e-01
7.128378391265869141e+00
6.783721923828125000e+00
3.744235336780548096e-01
4.735999107360839844e-01
4.491851031780242920e-01
6.945077896118164062e+00
7.229713439941406250e+00
4.905999004840850830e-01
1.346760749816894531e+00
4.888367056846618652e-01
4.790225327014923096e-01
6.647354602813720703e+00
5.144316554069519043e-01
7.052740454673767090e-01
6.522032737731933594e+00
6.773927211761474609e+00
6.054224967956542969e+00
6.238145351409912109e+00
3.910738527774810791e-01
4.679663479328155518e-01
6.654816865921020508e-01
8.462122678756713867e-01
9.620400071144104004e-01
7.124809265136718750e+00
1.015312671661376953e+00
7.160066127777099609e+00
4.608085155487060547e-01
4.928173720836639404e-01
7.258725166320800781e+00
2.980807542800903320e+00
1.801497578620910645e+00
4.767503142356872559e-01
4.985657632350921631e-01
4.731645882129669189e-01
6.460134983062744141e+00
5.120488405227661133e-01
6.710950851440429688e+00
4.961405754089355469e+00
4.964755535125732422e+00
6.159705519676208496e-01
6.585105061531066895e-01
4.645344614982604980e-01
7.073890686035156250e+00
6.866296291351318359e+00
6.240194439888000488e-01
1.904154896736145020e+00
4.996949195861816406e+00
6.244471669197082520e-01
2.485738843679428101e-01
7.012635231018066406e+00
6.759645938873291016e+00
7.051413059234619141e+00
4.782277047634124756e-01
3.248774707317352295e-01
3.242363929748535156e-01
5.259936451911926270e-01
6.007859706878662109e+00
4.465884208679199219e+00
4.190281391143798828e+00
4.332686424255371094e+00
5.068407654762268066e-01
5.508853197097778320e-01
4.919005334377288818e-01
4.357104301452636719e-01
4.600917398929595947e-01
5.336090922355651855e-01
5.283692479133605957e-01
4.307499825954437256e-01
5.634002089500427246e-01
5.700700879096984863e-01
5.079427957534790039e-01
4.586921632289886475e-01
4.732732772827148438e-01
4.805740118026733398e-01
3.122057020664215088e-01
5.054673552513122559e-01
5.496636033058166504e-01
1.308015227317810059e+00
3.789352416992187500e+00
6.658430099487304688e-01
2.422891139984130859e+00
4.274868369102478027e-01
4.097761154174804688e+00
6.301735401153564453e+00
4.217077732086181641e+00
4.441822767257690430e-01
1.998671770095825195e+00
4.519300162792205811e-01
4.673402905464172363e-01
9.006213545799255371e-01
4.915554821491241455e-01
4.462878406047821045e-01
4.419365525245666504e-01
5.529924392700195312e+00
3.381071984767913818e-01
4.347015619277954102e-01
1.701032280921936035e+00
4.602225422859191895e-01
3.622154295444488525e-01
9.568861126899719238e-01
4.314529299736022949e-01
7.914574146270751953e-01
8.692167997360229492e-01
1.398343920707702637e+00
2.033274173736572266e+00
8.487851023674011230e-01
4.338440299034118652e-01
8.054230809211730957e-01
7.999168038368225098e-01
3.258167207241058350e-01
5.638804435729980469e-01
3.230765163898468018e-01
5.430247187614440918e-01
4.444449543952941895e-01
1.370695590972900391e+00
8.266021609306335449e-01
3.189083933830261230e-01
4.886162877082824707e-01
8.096035718917846680e-01
1.132044196128845215e+00
4.433651268482208252e-01
2.810065507888793945e+00
7.085886597633361816e-01
4.368650615215301514e-01
3.226993083953857422e-01
3.443027138710021973e-01
3.259993195533752441e-01
4.796180427074432373e-01
5.410779953002929688e+00
5.300161361694335938e+00
5.033419609069824219e+00
4.170467853546142578e-01
4.259377717971801758e-01
1.000164031982421875e+00
4.260722994804382324e-01
4.373132586479187012e-01
5.157575011253356934e-01
1.130395054817199707e+00
1.530566573143005371e+00
8.373408317565917969e-01
5.521633625030517578e-01
3.934262990951538086e-01
7.488088011741638184e-01
4.959992468357086182e-01
5.621551275253295898e-01
5.128431916236877441e-01
4.624312520027160645e-01
8.591384887695312500e-01
4.675694704055786133e-01
1.738433957099914551e+00
5.146930217742919922e-01
4.699448049068450928e-01
4.901521205902099609e-01
4.480166435241699219e-01
4.417454600334167480e-01
2.179780006408691406e+00
4.713786840438842773e-01
4.562233984470367432e-01
4.631631672382354736e-01
4.854649305343627930e-01
1.822346806526184082e+00
1.573776006698608398e+00
6.246053576469421387e-01
1.248990297317504883e+00
4.983853995800018311e-01
4.808531403541564941e-01
1.916852831840515137e+00
1.966040968894958496e+00
4.782534837722778320e-01
4.469002485275268555e-01
1.379634499549865723e+00
4.869495928287506104e-01
4.499222934246063232e-01
4.379421472549438477e-01
3.989437222480773926e-01
7.518130540847778320e-01
4.382143318653106689e-01
7.883011698722839355e-01
4.417292773723602295e-01
4.449619352817535400e-01
4.539551734924316406e-01
3.450131177902221680e+00
5.434666872024536133e-01
2.767236232757568359e+00
4.589718580245971680e-01
4.593227386474609375e+00
5.346471667289733887e-01
4.803530275821685791e-01
4.932494461536407471e-01
1.529062747955322266e+00
4.913052022457122803e-01
5.285544395446777344e-01
1.369965910911560059e+00
1.813052535057067871e+00
5.267487764358520508e-01
4.247117042541503906e-01
4.401827752590179443e-01
4.886176884174346924e-01
1.602475523948669434e+00
1.554626703262329102e+00
5.082457065582275391e-01
1.727745532989501953e+00
5.126327872276306152e-01
5.658374428749084473e-01
1.516827821731567383e+00
5.623362660408020020e-01
1.879906296730041504e+00
4.455248713493347168e-01
3.967823982238769531e-01
1.815391421318054199e+00
3.745326995849609375e-01
4.892836511135101318e-01
3.537941575050354004e-01
4.135354459285736084e-01
7.218303680419921875e-01
4.626599311828613281e+00
7.080962061882019043e-01
7.239740490913391113e-01
3.540009260177612305e-01
6.736673712730407715e-01
6.508374810218811035e-01
5.002270340919494629e-01
4.737580120563507080e-01
4.080626070499420166e-01
1.497819900512695312e+00
4.768693923950195312e+00
3.821621179580688477e+00
7.715511322021484375e-01
3.774123191833496094e-01
3.445031940937042236e-01
4.269319534301757812e+00
3.277486860752105713e-01
1.818313956260681152e+00
5.102620124816894531e-01
3.953725099563598633e-01
1.641148209571838379e+00
1.681582212448120117e+00
4.914780259132385254e-01
3.366511762142181396e-01
3.199282288551330566e-01
3.353793025016784668e-01
3.650643527507781982e-01
3.495451211929321289e-01
3.507277369499206543e-01
3.771128356456756592e-01
5.983074903488159180e-01
3.326970040798187256e-01
4.277328491210937500e+00
4.936472475528717041e-01
4.909342527389526367e-01
1.078059792518615723e+00
3.852922916412353516e-01
3.913742005825042725e-01
3.577933013439178467e-01
5.280247926712036133e-01
4.134218692779541016e+00
5.144963264465332031e-01
5.135999917984008789e-01
3.484295606613159180e-01
3.007907152175903320e+00
3.380507230758666992e-01
3.274983167648315430e-01
4.649465680122375488e-01
2.062070846557617188e+00
3.258474469184875488e-01
3.680113255977630615e-01
4.488424360752105713e-01
4.047566652297973633e-01
6.854345202445983887e-01
4.985228776931762695e-01
2.280354499816894531e+00
4.985567331314086914e-01
5.464287996292114258e-01
5.706873536109924316e-01
5.130827426910400391e-01
4.917127490043640137e-01
4.647479355335235596e-01
4.071424901485443115e-01
4.818072915077209473e-01
4.597054719924926758e-01
4.380781650543212891e-01
5.051915049552917480e-01
3.882409036159515381e-01
5.139824748039245605e-01
2.055980920791625977e+00
4.214072525501251221e-01
5.393949747085571289e-01
6.731963157653808594e-01
7.705540657043457031e-01
7.177414298057556152e-01
6.295140385627746582e-01
6.288663148880004883e-01
3.356811404228210449e-01
6.236842274665832520e-01
5.134918093681335449e-01
3.238790631294250488e-01
2.808059751987457275e-01
4.586498737335205078e-01
1.780632853507995605e+00
3.078918159008026123e-01
5.191320180892944336e-01
4.621741473674774170e-01
4.579061269760131836e-01
3.917829275131225586e+00
5.322545170783996582e-01
3.653279840946197510e-01
3.563587963581085205e-01
3.342189490795135498e-01
3.984272241592407227e+00
4.720177650451660156e+00
5.241513252258300781e-01
3.946324348449707031e+00
4.524744451045989990e-01
2.801527500152587891e+00
3.305111885070800781e+00
4.545525014400482178e-01
4.312524497509002686e-01
4.784400463104248047e-01
5.766600370407104492e-01
1.861396431922912598e+00
4.737572371959686279e-01
4.609578549861907959e-01
4.814811050891876221e-01
4.539625644683837891e-01
5.157695412635803223e-01
4.451212584972381592e-01
8.996828198432922363e-01
3.950678825378417969e+00
5.232830047607421875e-01
3.827622234821319580e-01
4.493572413921356201e-01
3.540730476379394531e-01
6.702962517738342285e-01
4.612231850624084473e-01
3.667508661746978760e-01
2.363614559173583984e+00
4.670191407203674316e-01
3.556606471538543701e-01
3.001912534236907959e-01
1.188859462738037109e+00
3.711896240711212158e-01
4.363505542278289795e-01
2.437970638275146484e+00
4.276847541332244873e-01
3.114086985588073730e-01
4.566546380519866943e-01
1.495172858238220215e+00
1.916635394096374512e+00
9.658761620521545410e-01
8.284288048744201660e-01
4.905002415180206299e-01
4.367842972278594971e-01
4.683276116847991943e-01
3.413346707820892334e-01
1.231615781784057617e+00
4.264313578605651855e-01
1.402543783187866211e+00
4.529706835746765137e-01
1.621916294097900391e+00
4.535429477691650391e-01
1.162785649299621582e+00
3.502669632434844971e-01
4.369693100452423096e-01
3.772490322589874268e-01
1.411771655082702637e+00
3.561158180236816406e+00
4.473537504673004150e-01
4.662196934223175049e-01
4.302436113357543945e-01
4.464976787567138672e-01
4.593888223171234131e-01
2.956411123275756836e+00
3.647098064422607422e+00
2.945041656494140625e+00
6.816790103912353516e-01
2.538393020629882812e+00
4.724887311458587646e-01
4.997406601905822754e-01
2.902881145477294922e+00
2.778916120529174805e+00
4.668110907077789307e-01
3.584179639816284180e+00
9.441240429878234863e-01
9.405272006988525391e-01
4.460688531398773193e-01
3.677246570587158203e+00
4.754512608051300049e-01
9.174670577049255371e-01
3.835249185562133789e+00
8.346197605133056641e-01
7.763192057609558105e-01
4.623961150646209717e-01
3.708400011062622070e+00
1.143042087554931641e+00
3.639614820480346680e+00
4.518110454082489014e-01
4.374234974384307861e-01
2.656057596206665039e+00
3.300714194774627686e-01
3.182512819766998291e-01
3.157537579536437988e-01
4.710204601287841797e-01
5.043148994445800781e-01
4.981075227260589600e-01
3.451559543609619141e+00
4.647661447525024414e-01
4.614500105381011963e-01
4.583130180835723877e-01
2.591720581054687500e+00
4.523859024047851562e-01
4.655628502368927002e-01
2.027123451232910156e+00
3.283267974853515625e+00
4.708068966865539551e-01
4.455544948577880859e-01
4.365292191505432129e-01
4.593327045440673828e-01
4.522854089736938477e-01
4.406420230865478516e+00
4.636520147323608398e-01
4.453405439853668213e-01
2.486281633377075195e+00
4.658239483833312988e-01
4.597808718681335449e-01
3.163451552391052246e-01
3.324379920959472656e-01
3.157827854156494141e-01
7.624134421348571777e-01
5.516875982284545898e-01
4.637628793716430664e-01
4.251824021339416504e-01
2.936054468154907227e-01
4.064093828201293945e-01
4.603986740112304688e-01
4.242824316024780273e-01
4.227086603641510010e-01
6.108197212219238281e+00
6.034440517425537109e+00
4.760257005691528320e-01
3.163157403469085693e-01
4.741151034832000732e-01
4.738288223743438721e-01
1.409302353858947754e+00
4.833817780017852783e-01
4.528555274009704590e-01
4.999863207340240479e-01
4.724834561347961426e-01
3.378174304962158203e-01
1.694439172744750977e+00
4.202731847763061523e-01
4.659724235534667969e-01
5.576010346412658691e-01
4.560489952564239502e-01
4.228900909423828125e+00
1.183362603187561035e+00
4.344401061534881592e-01
9.409089088439941406e-01
3.397662937641143799e-01
5.849224090576171875e+00
5.123891234397888184e-01
2.925149679183959961e+00
4.314079582691192627e-01
5.186834335327148438e-01
4.092767536640167236e-01
4.686190187931060791e-01
2.033051729202270508e+00
6.094014644622802734e+00
5.826747417449951172e+00
1.995444178581237793e+00
1.961062908172607422e+00
5.709565639495849609e+00
1.918237090110778809e+00
1.622218370437622070e+00
5.264482498168945312e-01
4.669027030467987061e-01
3.473956584930419922e-01
4.906874597072601318e-01
3.346047401428222656e-01
5.453768253326416016e+00
4.805361628532409668e-01
5.085949301719665527e-01
4.880895018577575684e-01
3.437154591083526611e-01
3.627435863018035889e-01
1.919512033462524414e+00
4.565210044384002686e-01
6.248094558715820312e+00
1.083527088165283203e+00
4.647986292839050293e-01
9.841159582138061523e-01
1.587445735931396484e+00
6.868561506271362305e-01
4.918980002403259277e-01
9.874355196952819824e-01
5.362944006919860840e-01
7.905221581459045410e-01
1.846221089363098145e+00
2.892759144306182861e-01
4.703661799430847168e-01
5.707523822784423828e-01
4.392614841461181641e+00
4.320059776306152344e+00
6.087910532951354980e-01
5.894547104835510254e-01
5.376819372177124023e-01
5.696563720703125000e-01
7.393654584884643555e-01
6.042585372924804688e-01
7.990883588790893555e-01
7.075338959693908691e-01
2.038262844085693359e+00
3.596033751964569092e-01
3.793260157108306885e-01
3.424561500549316406e+00
3.821980476379394531e+00
4.406732916831970215e-01
1.047531127929687500e+00
3.538099229335784912e-01
3.681834638118743896e-01
3.349546670913696289e+00
3.159435689449310303e-01
3.044436573982238770e-01
3.826049268245697021e-01
6.044507980346679688e+00
3.849786520004272461e-01
3.616109788417816162e-01
3.681558668613433838e-01
3.669100701808929443e-01
3.428641259670257568e-01
3.795874714851379395e-01
4.286894500255584717e-01
3.857848048210144043e-01
7.415335178375244141e-01
2.838005721569061279e-01
1.805612802505493164e+00
3.758504986763000488e-01
3.630636930465698242e-01
4.166118204593658447e-01
2.614474892616271973e-01
7.294458150863647461e-01
5.769835710525512695e-01
7.459583282470703125e-01
8.370584249496459961e-01
6.159794926643371582e-01
6.843066811561584473e-01
8.657486438751220703e-01
5.352069735527038574e-01
5.249093770980834961e-01
5.335470438003540039e-01
5.056971907615661621e-01
3.685217201709747314e-01
3.168188035488128662e-01
8.553705811500549316e-01
3.185007572174072266e-01
3.134100437164306641e-01
3.655722737312316895e-01
1.726557135581970215e+00
1.863480210304260254e+00
1.214171528816223145e+00
1.228682160377502441e+00
9.044760465621948242e-01
5.439341068267822266e-01
3.691191077232360840e-01
5.563402175903320312e-01
3.407013714313507080e-01
1.304004192352294922e+00
3.210050463676452637e-01
5.980057239532470703e+00
2.866260051727294922e+00
6.201452016830444336e-01
2.548879683017730713e-01
5.904314517974853516e-01
5.717319488525390625e+00
6.004841327667236328e+00
3.054896831512451172e+00
1.589410066604614258e+00
7.648619413375854492e-01
2.588703036308288574e-01
1.718320250511169434e+00
3.254451513290405273e+00
5.824907302856445312e+00
8.688478469848632812e-01
3.349495410919189453e+00
3.779078722000122070e-01
5.627501010894775391e+00
6.381787657737731934e-01
3.163744449615478516e+00
3.097002267837524414e+00
6.399024128913879395e-01
3.060555934906005859e+00
5.761511802673339844e+00
5.280287861824035645e-01
3.558845221996307373e-01
3.649884462356567383e+00
9.587031602859497070e-01
5.567115545272827148e-01
5.133361816406250000e-01
5.272532105445861816e-01
3.143685758113861084e-01
4.325217008590698242e-01
1.676483511924743652e+00
3.021356344223022461e+00
4.243619143962860107e-01
3.140433728694915771e-01
3.801550865173339844e-01
3.160693347454071045e-01
5.464094877243041992e-01
4.117255210876464844e-01
5.187924861907958984e+00
2.873549163341522217e-01
2.772875130176544189e-01
3.211953341960906982e-01
3.146016895771026611e-01
4.497196674346923828e-01
3.309794664382934570e-01
5.721754431724548340e-01
3.281955122947692871e-01
2.914984822273254395e-01
2.844017148017883301e-01
2.292399883270263672e+00
1.711008787155151367e+00
5.606536865234375000e+00
4.397115409374237061e-01
3.654940128326416016e-01
2.827883362770080566e-01
2.875876128673553467e-01
3.131762146949768066e-01
3.327176272869110107e-01
5.737945437431335449e-01
3.053715825080871582e-01
2.502507209777832031e+00
5.009027123451232910e-01
1.762919187545776367e+00
1.279980659484863281e+00
1.662093520164489746e+00
3.351718485355377197e-01
3.616597950458526611e-01
5.533852100372314453e+00
2.216213703155517578e+00
5.617183208465576172e+00
1.700402498245239258e+00
5.621123790740966797e+00
1.752291440963745117e+00
3.772765398025512695e-01
6.031184673309326172e+00
5.311873435974121094e+00
3.818002343177795410e-01
3.413146436214447021e-01
7.729201316833496094e-01
2.834631204605102539e+00
2.907734155654907227e+00
2.704978883266448975e-01
3.423953056335449219e-01
5.891525745391845703e+00
3.411525785923004150e-01
5.154977321624755859e+00
3.403009474277496338e-01
3.128692209720611572e-01
3.133271634578704834e-01
5.659170746803283691e-01
3.624269366264343262e-01
3.396724164485931396e-01
5.909742355346679688e+00
3.531443774700164795e-01
2.968347668647766113e-01
3.253675401210784912e-01
3.156500458717346191e-01
5.277145385742187500e+00
5.924374103546142578e+00
3.438863456249237061e-01
3.105604946613311768e-01
4.901897013187408447e-01
3.197658956050872803e-01
3.111059367656707764e-01
3.228891193866729736e-01
3.590697050094604492e-01
3.469140768051147461e+00
3.405672013759613037e-01
3.224916160106658936e-01
2.207653760910034180e+00
4.026874303817749023e-01
3.610746860504150391e-01
1.458412766456604004e+00
3.749998211860656738e-01
7.738391757011413574e-01
2.890470921993255615e-01
3.129688501358032227e-01
5.637536644935607910e-01
2.865214824676513672e+00
6.954689025878906250e-01
6.058854103088378906e+00
6.226464271545410156e+00
6.084677696228027344e+00
3.959635794162750244e-01
5.047317147254943848e-01
4.640552401542663574e-01
4.688916206359863281e-01
3.684930801391601562e-01
3.455028235912322998e-01
4.588008821010589600e-01
4.909649193286895752e-01
4.493135213851928711e-01
5.242487192153930664e-01
4.814544916152954102e-01
6.767826676368713379e-01
5.456431865692138672e+00
3.521736264228820801e-01
4.362852573394775391e-01
4.987702667713165283e-01
6.014038324356079102e-01
3.613251149654388428e-01
3.820899724960327148e-01
5.189136266708374023e-01
3.732354342937469482e-01
3.578737974166870117e-01
3.762426674365997314e-01
3.899462819099426270e-01
1.951147198677062988e+00
7.866669297218322754e-01
6.097742080688476562e+00
5.987286567687988281e+00
6.088074207305908203e+00
1.887901663780212402e+00
4.956762790679931641e+00
2.344061851501464844e+00
6.053768634796142578e+00
5.446043014526367188e+00
2.555974006652832031e+00
6.125727891921997070e-01
5.544731140136718750e+00
4.064223766326904297e-01
5.987281322479248047e+00
6.041022777557373047e+00
6.800784468650817871e-01
4.301009476184844971e-01
5.458802223205566406e+00
3.885803818702697754e-01
5.538664460182189941e-01
3.462682962417602539e-01
3.214100301265716553e-01
3.461607992649078369e-01
3.753176331520080566e-01
3.826226294040679932e-01
5.039737701416015625e+00
3.855118751525878906e-01
1.050476074218750000e+00
3.330867886543273926e-01
4.184738397598266602e-01
5.895608901977539062e+00
3.534433841705322266e-01
5.915697574615478516e+00
6.211658477783203125e+00
4.281752705574035645e-01
1.401445627212524414e+00
4.361875355243682861e-01
3.750956058502197266e-01
1.201967716217041016e+00
5.915951251983642578e+00
6.149439334869384766e+00
8.546931743621826172e-01
1.245811104774475098e+00
3.910392224788665771e-01
6.024563312530517578e+00
1.048872947692871094e+00
8.954424262046813965e-01
5.994975566864013672e+00
8.828601241111755371e-01
9.489213824272155762e-01
9.512175321578979492e-01
6.121844291687011719e+00
5.701387524604797363e-01
5.037326216697692871e-01
9.514802694320678711e-01
6.604464054107666016e-01
7.522736191749572754e-01
1.286341667175292969e+00
6.114050388336181641e+00
5.872978687286376953e+00
3.461295068264007568e-01
5.433073639869689941e-01
5.950684070587158203e+00
5.683919429779052734e+00
5.541477203369140625e+00
5.564765930175781250e+00
3.466964364051818848e-01
5.962986469268798828e+00
8.867598176002502441e-01
3.723723888397216797e-01
6.870329380035400391e-01
5.877439022064208984e+00
1.221591114997863770e+00
7.169163823127746582e-01
1.391583204269409180e+00
6.095568537712097168e-01
1.148334503173828125e+00
4.776822626590728760e-01
1.149709701538085938e+00
6.334921121597290039e-01
3.780879676342010498e-01
1.122236251831054688e+00
6.164515018463134766e-01
7.227284908294677734e-01
1.292612910270690918e+00
4.983417093753814697e-01
1.213219285011291504e+00
1.826406717300415039e+00
1.170668601989746094e+00
6.554357528686523438e+00
1.806025862693786621e+00
4.591861069202423096e-01
5.098917484283447266e-01
4.955195188522338867e-01
4.984308719635009766e+00
2.520214080810546875e+00
1.189843535423278809e+00
4.658168554306030273e-01
4.768927693367004395e-01
1.107007026672363281e+00
1.265998721122741699e+00
1.436841011047363281e+00
1.524053692817687988e+00
6.865540504455566406e+00
1.090860247611999512e+00
4.841142296791076660e-01
1.587565422058105469e+00
4.924007058143615723e-01
1.276936650276184082e+00
6.369336128234863281e+00
5.339985489845275879e-01
1.106284141540527344e+00
1.119584321975708008e+00
4.912282526493072510e-01
4.912211298942565918e-01
1.296629190444946289e+00
5.083022713661193848e-01
1.438907384872436523e+00
4.273917973041534424e-01
5.172097682952880859e-01
1.165056824684143066e+00
4.393021106719970703e+00
5.172353267669677734e+00
3.486648797988891602e-01
2.208659172058105469e+00
4.124088585376739502e-01
5.850031971931457520e-01
3.098944127559661865e-01
4.796820640563964844e+00
9.521538615226745605e-01
9.774436950683593750e-01
9.215449690818786621e-01
6.288239955902099609e-01
3.212753832340240479e-01
3.577443957328796387e-01
3.519163429737091064e-01
9.816667437553405762e-01
5.817232131958007812e-01
5.164436101913452148e-01
3.902333021163940430e+00
3.514433860778808594e+00
6.088043451309204102e-01
4.567831754684448242e-01
3.520799636840820312e+00
3.921731412410736084e-01
1.184496998786926270e+00
5.655481815338134766e-01
4.654397010803222656e+00
1.319761872291564941e+00
3.342882692813873291e-01
3.347771167755126953e-01
1.370415925979614258e+00
1.440626025199890137e+00
3.250143229961395264e-01
1.999491810798645020e+00
3.315062224864959717e-01
4.986084938049316406e+00
1.295718789100646973e+00
1.137226104736328125e+00
3.099098801612854004e-01
3.085405826568603516e-01
3.544687032699584961e-01
1.050216197967529297e+00
4.557025432586669922e-01
1.268923282623291016e+00
1.384901881217956543e+00
1.268056035041809082e+00
1.378818273544311523e+00
4.841817855834960938e+00
1.102794885635375977e+00
3.656722903251647949e-01
3.402108550071716309e-01
1.366295099258422852e+00
3.568139076232910156e-01
5.559543609619140625e+00
5.631786346435546875e+00
5.933277130126953125e+00
1.296551704406738281e+00
4.068961620330810547e+00
4.283663034439086914e-01
1.309656977653503418e+00
1.527590870857238770e+00
3.435707092285156250e-01
2.578206539154052734e+00
3.229364156723022461e-01
1.853711962699890137e+00
3.997974395751953125e-01
2.148275375366210938e+00
2.772800683975219727e+00
4.358445167541503906e+00
1.149148702621459961e+00
1.233918309211730957e+00
4.857936859130859375e+00
4.401861131191253662e-01
1.307996988296508789e+00
4.257166981697082520e-01
4.349794983863830566e-01
3.204810917377471924e-01
4.936856627464294434e-01
3.246336281299591064e-01
1.489630222320556641e+00
1.817659378051757812e+00
1.276481509208679199e+00
3.046756684780120850e-01
5.177083969116210938e+00
1.351158022880554199e+00
3.601850271224975586e-01
4.828395366668701172e+00
1.100507974624633789e+00
1.065620899200439453e+00
1.260679602622985840e+00
4.240230619907379150e-01
1.215829730033874512e+00
4.798096656799316406e+00
4.184684455394744873e-01
5.714521884918212891e+00
3.405404388904571533e-01
1.192115306854248047e+00
1.194766998291015625e+00
1.116362810134887695e+00
5.332992553710937500e+00
5.639433860778808594e+00
5.594281673431396484e+00
5.497941970825195312e+00
5.400575637817382812e+00
1.295808792114257812e+00
1.287759423255920410e+00
5.172204017639160156e+00
5.029237270355224609e+00
5.223378181457519531e+00
4.849137306213378906e+00
5.390596389770507812e-01
3.262065649032592773e-01
3.369393944740295410e-01
4.897805213928222656e+00
5.202194690704345703e+00
5.135307788848876953e+00
4.803339242935180664e-01
3.426966965198516846e-01
3.258837163448333740e-01
5.577741146087646484e+00
6.230851411819458008e-01
5.376892089843750000e-01
3.281444907188415527e-01
5.288772583007812500e-01
5.152778625488281250e+00
3.449816405773162842e-01
1.608245015144348145e+00
5.366190910339355469e+00
5.158249378204345703e+00
3.260706663131713867e-01
3.447545468807220459e-01
5.520388603210449219e+00
3.360521495342254639e-01
5.253663539886474609e+00
5.242338776588439941e-01
3.460055589675903320e-01
4.595175385475158691e-01
1.262210369110107422e+00
1.253546476364135742e+00
4.754249751567840576e-01
1.319118976593017578e+00
5.435201525688171387e-01
3.489692211151123047e-01
5.169795751571655273e-01
5.935584902763366699e-01
6.577995419502258301e-01
1.605139970779418945e+00
2.823597669601440430e+00
3.976843059062957764e-01
4.301153719425201416e-01
9.490160942077636719e-01
5.296672344207763672e+00
7.311052680015563965e-01
8.443813920021057129e-01
3.528836667537689209e-01
4.358850002288818359e+00
3.194876611232757568e-01
1.400285124778747559e+00
3.562383949756622314e-01
3.391585350036621094e-01
2.684080123901367188e+00
3.425175547599792480e-01
1.171282291412353516e+00
1.275443673133850098e+00
3.568002879619598389e-01
3.451917469501495361e-01
6.271719932556152344e-01
1.079153180122375488e+00
1.078343510627746582e+00
5.551660060882568359e+00
3.515371322631835938e+00
3.707236349582672119e-01
3.728371143341064453e+00
3.477390110492706299e-01
3.733531236648559570e-01
1.187401175498962402e+00
5.810553550720214844e+00
8.926338553428649902e-01
3.424791097640991211e-01
1.556095838546752930e+00
1.305525779724121094e+00
1.537321209907531738e+00
4.321274280548095703e+00
3.490955531597137451e-01
3.303776979446411133e-01
3.115763366222381592e-01
3.054089844226837158e-01
3.236104249954223633e-01
2.491616964340209961e+00
5.795576572418212891e-01
4.530887305736541748e-01
3.928052425384521484e+00
2.353891611099243164e+00
2.291249752044677734e+00
3.266920447349548340e-01
1.291202306747436523e+00
3.732815265655517578e+00
4.710062980651855469e+00
4.233276844024658203e+00
6.380811929702758789e-01
5.177226543426513672e+00
6.038948059082031250e+00
3.796592056751251221e-01
6.113680601119995117e-01
1.268189311027526855e+00
4.498588144779205322e-01
3.550812304019927979e-01
5.166294097900390625e+00
1.060722589492797852e+00
5.061405897140502930e-01
4.267582893371582031e-01
6.102233409881591797e+00
1.100365757942199707e+00
3.166604936122894287e-01
3.999147891998291016e+00
4.762400686740875244e-01
6.466544270515441895e-01
3.246127963066101074e-01
3.304106891155242920e-01
3.704022467136383057e-01
2.970936000347137451e-01
1.827560544013977051e+00
6.916961073875427246e-01
3.300868272781372070e-01
3.467803299427032471e-01
1.031842112541198730e+00
1.186681151390075684e+00
3.645210862159729004e-01
3.833415508270263672e+00
1.113254785537719727e+00
1.082611322402954102e+00
3.208626806735992432e-01
4.827497601509094238e-01
6.139520168304443359e+00
5.886706113815307617e-01
9.479903578758239746e-01
4.656710624694824219e+00
1.299627304077148438e+00
6.112155914306640625e+00
9.609327316284179688e-01
1.662339448928833008e+00
1.017263054847717285e+00
3.533087372779846191e-01
3.613086342811584473e-01
3.770858645439147949e-01
6.853505969047546387e-01
8.178616166114807129e-01
5.127351284027099609e-01
3.135826289653778076e-01
3.774962425231933594e-01
3.542308509349822998e-01
3.672036230564117432e-01
3.880381584167480469e-01
4.692927598953247070e-01
4.658229827880859375e+00
3.788618743419647217e-01
1.276470899581909180e+00
5.350209712982177734e+00
1.221698284149169922e+00
1.235829830169677734e+00
4.299705028533935547e-01
5.236287117004394531e+00
4.279302060604095459e-01
5.450810909271240234e+00
7.333664298057556152e-01
4.276204705238342285e-01
3.845995068550109863e-01
5.215690612792968750e+00
9.026229381561279297e-01
5.371011257171630859e+00
5.087052345275878906e+00
4.534294903278350830e-01
3.609897494316101074e-01
1.391155242919921875e+00
1.770129680633544922e+00
8.074026703834533691e-01
3.757235765457153320e+00
5.051574110984802246e-01
5.210561752319335938e+00
3.739555180072784424e-01
5.122248649597167969e+00
8.236039280891418457e-01
4.950121939182281494e-01
9.069159030914306641e-01
5.327011108398437500e+00
3.449557125568389893e-01
8.606505393981933594e-01
5.284686088562011719e+00
5.887346267700195312e+00
4.079104363918304443e-01
5.133769989013671875e+00
3.502887785434722900e-01
3.702691316604614258e+00
5.396948337554931641e+00
3.375913381576538086e+00
4.194237589836120605e-01
6.499444246292114258e-01
3.654203116893768311e-01
4.973731040954589844e+00
3.399834394454956055e+00
5.438735485076904297e+00
5.426384925842285156e+00
3.835563182830810547e+00
5.106163501739501953e+00
3.345225453376770020e-01
3.225467801094055176e-01
3.776187300682067871e-01
4.092274904251098633e-01
5.032221794128417969e+00
4.316014349460601807e-01
3.542675256729125977e+00
3.328647315502166748e-01
4.848255515098571777e-01
4.839031696319580078e-01
5.056278705596923828e+00
5.124064683914184570e-01
5.154148340225219727e-01
3.501239538192749023e+00
3.546585083007812500e+00
4.626735687255859375e+00
3.830170154571533203e+00
4.428038120269775391e+00
9.072772860527038574e-01
4.196523666381835938e+00
3.121698200702667236e-01
3.432893455028533936e-01
3.106983900070190430e-01
6.575784087181091309e-01
2.831903696060180664e-01
3.083189964294433594e+00
3.010423660278320312e+00
3.737690687179565430e+00
3.378599405288696289e+00
4.368197619915008545e-01
3.806307792663574219e+00
4.035925388336181641e+00
2.299722909927368164e+00
3.282096683979034424e-01
4.154225826263427734e+00
3.692687749862670898e-01
3.804890513420104980e-01
4.052098274230957031e+00
3.430939018726348877e-01
3.812755823135375977e+00
3.468308448791503906e-01
3.493930101394653320e-01
3.263126313686370850e-01
3.341690897941589355e-01
3.364171981811523438e-01
3.457372486591339111e-01
3.054594278335571289e+00
8.237866759300231934e-01
4.936124980449676514e-01
1.005528926849365234e+00
3.672955036163330078e-01
2.877135872840881348e-01
3.724052906036376953e+00
4.718129932880401611e-01
3.689937829971313477e+00
3.437948822975158691e-01
3.117751777172088623e-01
3.455756664276123047e+00
9.520680904388427734e-01
4.937503039836883545e-01
3.300632238388061523e-01
3.767255306243896484e+00
4.049049913883209229e-01
3.517935574054718018e-01
3.790527820587158203e+00
9.197441339492797852e-01
3.492807745933532715e-01
3.447617590427398682e-01
3.585938215255737305e+00
3.423894643783569336e+00
3.267079591751098633e-01
3.788554668426513672e-01
8.013723492622375488e-01
3.071578979492187500e+00
3.369140386581420898e+00
3.404180526733398438e+00
3.583523035049438477e-01
4.600399434566497803e-01
3.608677387237548828e+00
8.251364827156066895e-01
5.036926865577697754e-01
3.347530663013458252e-01
3.809911310672760010e-01
4.745806753635406494e-01
4.095862209796905518e-01
4.906809031963348389e-01
3.901785016059875488e-01
2.967250823974609375e+00
4.497269392013549805e-01
1.976460337638854980e+00
2.618942260742187500e+00
4.685282707214355469e-01
2.478500604629516602e+00
3.682496845722198486e-01
3.074842095375061035e-01
2.616150856018066406e+00
3.173361301422119141e+00
3.200227975845336914e+00
4.860935807228088379e-01
3.196133375167846680e-01
8.362060785293579102e-01
3.014132022857666016e+00
2.566939830780029297e+00
7.549439668655395508e-01
7.217734456062316895e-01
5.096409320831298828e-01
3.581577539443969727e-01
3.410257697105407715e-01
5.099602341651916504e-01
3.266499638557434082e-01
8.529559969902038574e-01
3.071786761283874512e-01
3.030247688293457031e-01
3.444927036762237549e-01
4.728881716728210449e-01
3.667201697826385498e-01
3.797525167465209961e-01
3.611858129501342773e+00
3.810104429721832275e-01
3.601342439651489258e-01
3.282279253005981445e+00
3.607378482818603516e+00
4.609131813049316406e-01
3.535345315933227539e+00
6.308262944221496582e-01
3.125040531158447266e+00
8.904677629470825195e-01
4.757909774780273438e-01
6.783542633056640625e-01
3.375074267387390137e-01
8.195660114288330078e-01
6.999623775482177734e-01
9.564586877822875977e-01
6.985479593276977539e-01
7.351882457733154297e-01
4.534403979778289795e-01
3.204767704010009766e+00
4.453183710575103760e-01
3.278545856475830078e+00
3.297572731971740723e-01
3.441597461700439453e+00
8.068026900291442871e-01
3.802756369113922119e-01
9.871996045112609863e-01
3.235192060470581055e+00
3.239379227161407471e-01
4.636138677597045898e-01
8.443450331687927246e-01
3.035477995872497559e-01
3.606945276260375977e+00
8.032835721969604492e-01
2.972671985626220703e-01
3.233635663986206055e+00
5.019091367721557617e-01
3.183434486389160156e+00
3.412997484207153320e+00
3.173316478729248047e+00
4.450726807117462158e-01
3.210333585739135742e-01
2.935400009155273438e-01
3.218910455703735352e+00
3.354159832000732422e+00
2.887498140335083008e-01
4.930911362171173096e-01
3.075278282165527344e+00
2.611687898635864258e+00
3.231291294097900391e+00
2.916923463344573975e-01
3.252459287643432617e+00
3.192199766635894775e-01
3.060361146926879883e-01
3.048632442951202393e-01
3.162848353385925293e-01
5.026963353157043457e-01
3.069575428962707520e-01
2.423733949661254883e+00
3.271994888782501221e-01
3.121755123138427734e-01
2.183706521987915039e+00
3.299064397811889648e+00
2.243977546691894531e+00
3.446341037750244141e+00
3.051412403583526611e-01
2.458438873291015625e+00
1.940343618392944336e+00
2.895780205726623535e-01
3.701898753643035889e-01
3.787150382995605469e-01
3.809530436992645264e-01
2.533388853073120117e+00
4.836584329605102539e-01
2.806252837181091309e-01
3.766983270645141602e+00
2.674944698810577393e-01
3.010932803153991699e-01
4.527485370635986328e-01
3.758541643619537354e-01
3.919412493705749512e-01
3.171093761920928955e-01
3.621998548507690430e+00
2.927356064319610596e-01
3.125253021717071533e-01
4.653154909610748291e-01
2.648885250091552734e-01
2.612087130546569824e-01
3.623106479644775391e+00
4.447638094425201416e-01
5.693562626838684082e-01
5.416775345802307129e-01
3.096409738063812256e-01
2.834273874759674072e-01
3.449661731719970703e+00
3.065743446350097656e-01
3.572318553924560547e+00
3.188623785972595215e-01
1.490386486053466797e+00
2.551445066928863525e-01
3.431069374084472656e+00
4.973414838314056396e-01
2.996143996715545654e-01
3.686220407485961914e+00
3.263013064861297607e-01
3.778767585754394531e+00
3.643887519836425781e+00
3.073856532573699951e-01
3.214352130889892578e-01
3.281173408031463623e-01
2.998918890953063965e-01
3.323642313480377197e-01
3.086822628974914551e-01
3.481326818466186523e+00
1.441726207733154297e+00
3.609679698944091797e+00
4.737566113471984863e-01
4.603785574436187744e-01
3.518245816230773926e-01
3.491192758083343506e-01
4.750552773475646973e-01
3.850758373737335205e-01
3.466599464416503906e+00
3.551286458969116211e-01
3.137913942337036133e+00
3.368563950061798096e-01
4.626872539520263672e-01
4.001614749431610107e-01
2.970072925090789795e-01
4.705301523208618164e-01
4.979336559772491455e-01
2.803432941436767578e+00
3.266993463039398193e-01
2.692470550537109375e+00
3.318263888359069824e-01
3.212250471115112305e-01
3.609854280948638916e-01
4.523326456546783447e-01
4.659805893898010254e-01
3.223263323307037354e-01
4.615331292152404785e-01
2.929050326347351074e-01
3.428588807582855225e-01
9.066302180290222168e-01
4.920599758625030518e-01
3.315567374229431152e-01
3.140397071838378906e-01
4.504334032535552979e-01
4.583666324615478516e-01
3.714733123779296875e-01
6.897598505020141602e-01
3.293488979339599609e+00
7.257009744644165039e-01
2.395219564437866211e+00
3.454222679138183594e-01
5.027651786804199219e-01
7.313836812973022461e-01
5.782548189163208008e-01
4.505325555801391602e-01
8.668745160102844238e-01
2.968067526817321777e-01
5.232657790184020996e-01
8.956934809684753418e-01
8.625188469886779785e-01
4.702913761138916016e-01
4.734171032905578613e-01
5.264006853103637695e-01
3.724509775638580322e-01
5.576393008232116699e-01
4.769865572452545166e-01
5.289030671119689941e-01
4.674675762653350830e-01
1.930265665054321289e+00
2.178680419921875000e+00
3.684556186199188232e-01
2.051117420196533203e+00
6.033322215080261230e-01
2.443735837936401367e+00
4.584768414497375488e-01
4.811574816703796387e-01
4.238519668579101562e-01
4.484995007514953613e-01
1.791857123374938965e+00
3.331796646118164062e+00
4.637987315654754639e-01
2.378522872924804688e+00
7.277655005455017090e-01
4.558359384536743164e-01
2.111931085586547852e+00
2.737482786178588867e-01
5.055781602859497070e-01
3.003934919834136963e-01
3.479869365692138672e-01
5.393406152725219727e-01
3.327527940273284912e-01
2.311370372772216797e+00
3.629468083381652832e-01
3.531050920486450195e+00
1.008616328239440918e+00
1.031281232833862305e+00
2.262112140655517578e+00
4.176232218742370605e-01
3.848529338836669922e+00
8.846008181571960449e-01
5.007520914077758789e-01
1.143196463584899902e+00
5.286830067634582520e-01
3.467693090438842773e+00
2.830731391906738281e+00
5.113769769668579102e-01
6.550490856170654297e-01
2.360876321792602539e+00
3.437045574188232422e+00
2.830505073070526123e-01
3.378877639770507812e+00
2.607990801334381104e-01
3.052141666412353516e+00
2.545559406280517578e+00
6.301125288009643555e-01
2.810477614402770996e-01
3.205424070358276367e+00
2.513529062271118164e+00
2.618879318237304688e+00
4.559110701084136963e-01
2.600100636482238770e-01
3.715797901153564453e+00
3.998722076416015625e+00
3.934860706329345703e+00
2.713019549846649170e-01
4.443377852439880371e-01
5.430729985237121582e-01
2.540854215621948242e+00
2.715642929077148438e+00
3.402849912643432617e+00
4.171302020549774170e-01
4.765371084213256836e-01
5.249561071395874023e-01
3.582653999328613281e+00
4.625525772571563721e-01
3.603273868560791016e+00
5.210430622100830078e-01
2.546645104885101318e-01
7.030621170997619629e-01
3.585491478443145752e-01
5.233494639396667480e-01
2.530672550201416016e-01
2.411798536777496338e-01
5.453045368194580078e-01
4.893938302993774414e-01
4.993436336517333984e-01
3.960511088371276855e-01
3.888452649116516113e-01
7.783445715904235840e-01
2.374985456466674805e+00
4.528183043003082275e-01
3.959482312202453613e-01
5.408395528793334961e-01
3.983202278614044189e-01
5.603581070899963379e-01
4.232227802276611328e+00
7.490451335906982422e-01
9.133137464523315430e-01
3.878853797912597656e+00
3.738998472690582275e-01
4.333283901214599609e+00
4.135652065277099609e+00
4.133591175079345703e+00
4.338301658630371094e+00
4.074980258941650391e+00
4.149338245391845703e+00
4.434343338012695312e+00
4.107539653778076172e+00
4.306923449039459229e-01
8.745093941688537598e-01
4.974659085273742676e-01
4.515938758850097656e-01
2.840203642845153809e-01
3.004614412784576416e-01
6.393848657608032227e-01
5.665847659111022949e-01
3.532419919967651367e+00
4.958103299140930176e-01
5.795480012893676758e-01
3.822889328002929688e+00
5.850240588188171387e-01
5.641796588897705078e-01
6.163197159767150879e-01
3.964403152465820312e+00
5.054279565811157227e-01
5.276044011116027832e-01
3.976989984512329102e+00
5.992519259452819824e-01
2.599803209304809570e-01
3.676590025424957275e-01
2.815229594707489014e-01
5.767594575881958008e-01
4.188705086708068848e-01
1.996076703071594238e+00
2.877636253833770752e-01
1.950663566589355469e+00
3.561758041381835938e+00
4.019154548645019531e+00
3.328557491302490234e+00
3.212564587593078613e-01
5.126827359199523926e-01
1.923081636428833008e+00
4.952710270881652832e-01
4.270624518394470215e-01
3.965605020523071289e+00
4.742648303508758545e-01
4.701788723468780518e-01
5.368289947509765625e-01
4.648868143558502197e-01
2.795015275478363037e-01
3.731788158416748047e+00
3.268812417984008789e+00
3.402358293533325195e+00
2.628715336322784424e-01
2.558460831642150879e-01
4.917826950550079346e-01
3.452640473842620850e-01
2.622534930706024170e-01
4.847736954689025879e-01
3.950150489807128906e+00
5.332227349281311035e-01
3.690061330795288086e+00
2.256917208433151245e-01
6.542778611183166504e-01
3.340954542160034180e+00
3.448040723800659180e+00
3.292649269104003906e+00
3.603549242019653320e+00
3.515329837799072266e+00
6.237971186637878418e-01
5.025928020477294922e-01
3.746219873428344727e+00
3.847885847091674805e+00
1.414094448089599609e+00
5.660126805305480957e-01
3.750815868377685547e+00
6.377217769622802734e-01
3.579591751098632812e+00
3.928818941116333008e+00
5.900153517723083496e-01
3.750312566757202148e+00
5.421090126037597656e-01
5.568675398826599121e-01
5.324005484580993652e-01
5.577732920646667480e-01
6.585563421249389648e-01
3.651263236999511719e+00
3.443800449371337891e+00
5.000297427177429199e-01
4.086079597473144531e+00
6.999360918998718262e-01
3.463782072067260742e+00
3.543892383575439453e+00
1.157209992408752441e+00
3.945872783660888672e-01
3.265636861324310303e-01
8.194140195846557617e-01
3.528503179550170898e-01
5.625272989273071289e-01
9.344376921653747559e-01
4.117824733257293701e-01
3.601149320602416992e-01
5.807489156723022461e-01
5.437102913856506348e-01
3.160675287246704102e+00
3.205132484436035156e+00
3.560728788375854492e+00
3.781588971614837646e-01
3.965463936328887939e-01
3.791845083236694336e+00
6.783706545829772949e-01
3.737677812576293945e+00
3.259352147579193115e-01
4.725274145603179932e-01
3.533656299114227295e-01
4.972201287746429443e-01
3.598758220672607422e+00
3.795045137405395508e+00
8.832780122756958008e-01
7.621365785598754883e-01
1.350198268890380859e+00
3.672335386276245117e+00
3.517190217971801758e+00
3.690557003021240234e+00
5.199148058891296387e-01
9.054063558578491211e-01
3.991217017173767090e-01
3.863988399505615234e+00
8.460932970046997070e-01
4.306829571723937988e-01
4.933079779148101807e-01
1.068683147430419922e+00
3.988738059997558594e-01
3.892303466796875000e+00
3.861491918563842773e+00
1.654261469841003418e+00
1.683053135871887207e+00
4.825418889522552490e-01
4.845033586025238037e-01
4.879221618175506592e-01
3.407731056213378906e-01
3.557127475738525391e+00
2.597300052642822266e+00
5.050106048583984375e-01
4.573154449462890625e-01
3.451268911361694336e+00
3.708598375320434570e+00
3.471127033233642578e+00
4.391966164112091064e-01
1.310711264610290527e+00
4.502879381179809570e-01
4.719844162464141846e-01
3.301119089126586914e+00
1.042361736297607422e+00
5.283396840095520020e-01
5.824074149131774902e-01
3.002786397933959961e+00
3.076103687286376953e+00
5.618569850921630859e-01
2.697641253471374512e-01
4.994668066501617432e-01
4.749616384506225586e-01
4.629722535610198975e-01
3.271195650100708008e+00
4.875743091106414795e-01
1.252658247947692871e+00
4.843504130840301514e-01
5.075493454933166504e-01
8.810449242591857910e-01
2.772682666778564453e+00
3.007280111312866211e+00
5.337072014808654785e-01
9.341330528259277344e-01
7.700771689414978027e-01
5.032447576522827148e-01
4.957320988178253174e-01
8.263995051383972168e-01
3.585584759712219238e-01
5.193021297454833984e-01
2.612807273864746094e+00
3.546411514282226562e+00
5.070830583572387695e-01
8.985157012939453125e-01
9.828628301620483398e-01
4.939173460006713867e-01
1.150381684303283691e+00
3.519035339355468750e+00
1.502740144729614258e+00
4.699552357196807861e-01
9.602812528610229492e-01
4.497261345386505127e-01
4.726133346557617188e-01
1.318151235580444336e+00
1.224299669265747070e+00
4.801174104213714600e-01
4.938135743141174316e-01
4.728343188762664795e-01
1.240452766418457031e+00
4.363247394561767578e+00
4.582944810390472412e-01
3.033160269260406494e-01
1.625335454940795898e+00
9.505479335784912109e-01
2.907837927341461182e-01
5.001345276832580566e-01
1.519085764884948730e+00
1.167815804481506348e+00
4.842990636825561523e-01
3.017248213291168213e-01
4.031438827514648438e+00
2.869075834751129150e-01
1.154974699020385742e+00
3.049024343490600586e-01
3.451173305511474609e-01
1.392734885215759277e+00
4.725856781005859375e-01
1.145431280136108398e+00
4.697389602661132812e-01
1.289770364761352539e+00
3.530408620834350586e+00
7.660505175590515137e-01
3.584021091461181641e+00
1.439862728118896484e+00
5.158548355102539062e-01
4.820493161678314209e-01
3.066485226154327393e-01
4.931832551956176758e-01
5.100864768028259277e-01
1.748153924942016602e+00
5.353360176086425781e-01
1.608265399932861328e+00
4.900035262107849121e-01
5.030050873756408691e-01
2.636434137821197510e-01
1.381397366523742676e+00
2.194601297378540039e+00
4.169422626495361328e+00
4.953521788120269775e-01
3.912056684494018555e+00
1.600443005561828613e+00
1.409865975379943848e+00
4.791567027568817139e-01
3.635319232940673828e+00
1.082209706306457520e+00
1.090710639953613281e+00
6.423934698104858398e-01
1.204066872596740723e+00
2.841774225234985352e-01
8.624521493911743164e-01
5.036039352416992188e-01
4.656705856323242188e-01
4.177701473236083984e+00
1.004664659500122070e+00
5.167196393013000488e-01
1.505953550338745117e+00
4.070176601409912109e+00
1.101858139038085938e+00
5.151982903480529785e-01
4.628883898258209229e-01
5.055789351463317871e-01
4.081964969635009766e+00
3.870291233062744141e+00
1.018025040626525879e+00
1.045896768569946289e+00
9.016415476799011230e-01
3.906885862350463867e+00
3.228317022323608398e+00
1.107209444046020508e+00
1.453517198562622070e+00
4.843091070652008057e-01
3.955396890640258789e+00
5.040086507797241211e-01
2.592241525650024414e+00
2.527776658535003662e-01
3.925415039062500000e+00
4.391576290130615234e+00
1.162662029266357422e+00
1.260114431381225586e+00
3.730495214462280273e+00
5.090420842170715332e-01
4.920710325241088867e-01
4.744089245796203613e-01
4.073237419128417969e+00
3.703059256076812744e-01
3.821873664855957031e+00
1.384265303611755371e+00
5.124911665916442871e-01
9.330050349235534668e-01
2.917483150959014893e-01
4.867913126945495605e-01
5.122937560081481934e-01
9.156469106674194336e-01
1.226995468139648438e+00
1.849638700485229492e+00
2.995271086692810059e-01
3.554838895797729492e-01
4.023851871490478516e+00
3.634906768798828125e+00
2.258934497833251953e+00
2.861544489860534668e-01
9.612413644790649414e-01
3.623581409454345703e+00
2.922992706298828125e-01
4.886392951011657715e-01
2.912649512290954590e-01
2.790281474590301514e-01
3.718110561370849609e+00
3.016427159309387207e-01
3.136802911758422852e-01
2.874440252780914307e-01
3.705888509750366211e+00
7.364633679389953613e-01
2.908472716808319092e-01
2.813682258129119873e-01
2.776443958282470703e-01
2.762945592403411865e-01
4.140667915344238281e+00
4.187212944030761719e+00
2.794838845729827881e-01
2.898394763469696045e-01
2.934276461601257324e-01
4.758806228637695312e-01
2.871066033840179443e-01
3.912943601608276367e+00
3.011574745178222656e-01
2.881588637828826904e-01
2.897214591503143311e-01
2.931624650955200195e-01
3.033908009529113770e-01
4.855881333351135254e-01
4.431694984436035156e+00
4.740733206272125244e-01
1.101666569709777832e+00
9.675589799880981445e-01
4.885230958461761475e-01
4.131580889225006104e-01
4.983690977096557617e-01
3.427863121032714844e-01
1.681242227554321289e+00
3.796912431716918945e+00
2.784257531166076660e-01
2.843602001667022705e-01
2.795194089412689209e-01
2.712110877037048340e-01
4.903101027011871338e-01
3.141342699527740479e-01
5.604224205017089844e-01
3.521483659744262695e+00
4.809699952602386475e-01
3.413056135177612305e+00
6.179159879684448242e-01
4.784888029098510742e-01
5.603697896003723145e-01
3.562996625900268555e+00
7.764311432838439941e-01
4.801681339740753174e-01
2.673600614070892334e-01
4.573357105255126953e-01
3.052659749984741211e+00
4.155484735965728760e-01
3.387699365615844727e+00
2.463411837816238403e-01
2.562753856182098389e-01
4.863416254520416260e-01
4.665617644786834717e-01
2.707374989986419678e-01
3.569431543350219727e+00
3.739735603332519531e+00
2.500693500041961670e-01
4.693768024444580078e-01
4.813804030418395996e-01
2.557891607284545898e-01
2.794765233993530273e-01
2.616697251796722412e-01
4.738543629646301270e-01
1.262162446975708008e+00
4.997647404670715332e-01
3.586361885070800781e+00
5.148761868476867676e-01
3.845136880874633789e+00
3.299387216567993164e+00
3.533410310745239258e+00
5.939034819602966309e-01
5.024207234382629395e-01
4.905445873737335205e-01
5.038864612579345703e-01
3.953317880630493164e+00
3.323001623153686523e+00
2.888379096984863281e+00
5.149919986724853516e-01
3.814358472824096680e+00
4.679001271724700928e-01
2.662497758865356445e-01
3.214719057083129883e+00
5.009604096412658691e-01
3.667174577713012695e+00
2.949135780334472656e+00
3.384702444076538086e+00
3.403992652893066406e+00
2.952683568000793457e-01
2.945277392864227295e-01
3.489476680755615234e+00
3.322413444519042969e+00
2.554008960723876953e-01
2.501447796821594238e-01
2.716836333274841309e-01
3.129178524017333984e+00
2.381599247455596924e-01
3.174240827560424805e+00
2.958712875843048096e-01
3.157682120800018311e-01
2.512608766555786133e-01
3.208495855331420898e+00
2.884776890277862549e-01
3.164606809616088867e+00
2.649482786655426025e-01
3.632412195205688477e+00
3.992673158645629883e-01
6.261097431182861328e+00
4.698159396648406982e-01
6.325551033020019531e+00
6.159081935882568359e+00
4.754511713981628418e-01
7.281739115715026855e-01
4.702153682708740234e+00
6.001842975616455078e+00
3.498430728912353516e+00
5.149856209754943848e-01
5.460898876190185547e-01
5.867547988891601562e-01
5.852557420730590820e-01
3.967964649200439453e+00
3.969514846801757812e+00
5.443903803825378418e-01
6.052774190902709961e-01
2.578225433826446533e-01
4.432624340057373047e+00
2.479285895824432373e-01
2.677442431449890137e-01
2.448216915130615234e+00
6.183205604553222656e+00
2.866131663322448730e-01
6.260945796966552734e+00
5.918176174163818359e+00
2.563780844211578369e-01
6.567558288574218750e+00
6.165833950042724609e+00
2.582048475742340088e-01
2.604602277278900146e-01
6.077327728271484375e+00
3.047621548175811768e-01
6.115370750427246094e+00
5.774553418159484863e-01
8.420200347900390625e-01
5.549466609954833984e+00
5.594542026519775391e+00
5.937027454376220703e+00
6.005718231201171875e+00
3.192481100559234619e-01
9.017835259437561035e-01
3.510473966598510742e+00
6.419839859008789062e+00
6.581975817680358887e-01
3.500697612762451172e+00
6.378029823303222656e+00
6.321320056915283203e+00
3.519699335098266602e+00
3.021742582321166992e+00
3.276678323745727539e+00
1.156387329101562500e+00
2.596576213836669922e-01
4.285864353179931641e+00
3.960759878158569336e+00
4.540520668029785156e+00
4.381643772125244141e+00
1.198666095733642578e+00
4.864943921566009521e-01
9.185782074928283691e-01
2.505736052989959717e-01
1.196344852447509766e+00
2.404402345418930054e-01
1.071415305137634277e+00
1.031103849411010742e+00
8.996801972389221191e-01
3.385207951068878174e-01
1.120630383491516113e+00
3.731469213962554932e-01
1.223641157150268555e+00
2.067663073539733887e-01
1.361177206039428711e+00
4.793838024139404297e+00
3.058748841285705566e-01
3.639989852905273438e+00
1.403423070907592773e+00
4.380860030651092529e-01
1.226712226867675781e+00
9.669333696365356445e-01
6.671828269958496094e+00
5.430455207824707031e-01
3.090595006942749023e-01
9.749239087104797363e-01
1.187493920326232910e+00
3.939770758152008057e-01
1.123016119003295898e+00
4.353081583976745605e-01
3.761891424655914307e-01
6.624373435974121094e+00
2.477109432220458984e-01
3.885434567928314209e-01
5.699761867523193359e+00
3.635075092315673828e+00
1.161954522132873535e+00
2.625288963317871094e-01
6.597834587097167969e+00
4.237638413906097412e-01
4.433905184268951416e-01
1.052213191986083984e+00
1.533637166023254395e+00
4.892354607582092285e-01
5.308459401130676270e-01
3.465133011341094971e-01
4.864930808544158936e-01
4.256275594234466553e-01
3.894374370574951172e-01
5.194292664527893066e-01
4.987726211547851562e+00
4.964025497436523438e+00
3.733977317810058594e+00
4.652650356292724609e+00
5.109447956085205078e+00
4.197054862976074219e+00
4.305959701538085938e+00
2.885063886642456055e+00
4.888784408569335938e+00
7.577039599418640137e-01
4.143348217010498047e+00
4.104847431182861328e+00
9.885443449020385742e-01
3.252508938312530518e-01
8.169124722480773926e-01
5.786113739013671875e-01
5.835476517677307129e-01
4.325963854789733887e-01
3.175077438354492188e-01
2.667686700820922852e+00
2.261986017227172852e+00
5.761166810989379883e-01
4.011882841587066650e-01
3.686573207378387451e-01
2.620808780193328857e-01
3.429607748985290527e-01
8.888469934463500977e-01
7.842885255813598633e-01
9.330245256423950195e-01
3.958785533905029297e-01
5.117130279541015625e-01
5.827880501747131348e-01
6.338934898376464844e-01
2.633671164512634277e-01
5.293779969215393066e-01
2.739474475383758545e-01
4.286827147006988525e-01
6.472412347793579102e-01
5.840049386024475098e-01
3.820851087570190430e+00
6.299001574516296387e-01
6.267342567443847656e-01
1.307260513305664062e+00
7.054518461227416992e-01
1.022355914115905762e+00
3.930450379848480225e-01
6.713196635246276855e-01
1.238697886466979980e+00
4.013845920562744141e+00
6.757392287254333496e-01
4.540773034095764160e-01
9.629661440849304199e-01
1.082433938980102539e+00
7.643358111381530762e-01
5.729649066925048828e-01
5.323932766914367676e-01
6.601056456565856934e-01
5.420957803726196289e-01
9.093590974807739258e-01
4.389579594135284424e-01
4.055655479431152344e+00
4.374398708343505859e+00
4.259779930114746094e+00
2.230074703693389893e-01
3.693266808986663818e-01
3.621914982795715332e-01
3.448474705219268799e-01
3.614217638969421387e-01
4.691269397735595703e+00
4.123074531555175781e+00
1.460519313812255859e+00
7.433308362960815430e-01
4.663548171520233154e-01
4.804916381835937500e+00
6.230400800704956055e-01
9.053625464439392090e-01
8.337187170982360840e-01
7.391496896743774414e-01
8.468821048736572266e-01
4.790555834770202637e-01
6.913641095161437988e-01
4.719828665256500244e-01
6.924158334732055664e-01
7.783340811729431152e-01
4.614974558353424072e-01
2.990356385707855225e-01
7.486716508865356445e-01
6.766819953918457031e-01
3.826606035232543945e+00
7.582187652587890625e-01
7.845105528831481934e-01
7.915999293327331543e-01
3.482797145843505859e-01
6.541810631752014160e-01
4.963845908641815186e-01
5.167874813079833984e+00
7.232554912567138672e+00
3.609497249126434326e-01
5.656256675720214844e+00
5.259088039398193359e+00
5.300150871276855469e+00
5.193506240844726562e+00
7.035546302795410156e+00
5.126957893371582031e+00
5.605802059173583984e+00
5.187600255012512207e-01
4.954989850521087646e-01
5.501315116882324219e+00
5.877215862274169922e+00
6.000339031219482422e+00
7.483645081520080566e-01
7.376074790954589844e-01
5.210895061492919922e+00
5.649233341217041016e+00
5.152375102043151855e-01
8.564445972442626953e-01
3.338966369628906250e-01
5.262594223022460938e+00
3.032452762126922607e-01
3.383941352367401123e-01
4.472399950027465820e-01
5.098638057708740234e+00
5.224376678466796875e+00
3.293892145156860352e-01
5.171473026275634766e+00
5.284912586212158203e+00
5.129889965057373047e+00
5.310875773429870605e-01
4.822936058044433594e-01
2.220690250396728516e-01
2.291829437017440796e-01
4.414659440517425537e-01
2.868805229663848877e-01
2.801956534385681152e-01
5.119005680084228516e+00
2.196064144372940063e-01
5.031665325164794922e+00
2.520547151565551758e+00
4.808726310729980469e+00
2.233296632766723633e+00
1.933978348970413208e-01
4.406839847564697266e+00
2.941259145736694336e-01
4.449262320995330811e-01
4.602270424365997314e-01
4.357467174530029297e+00
2.980476617813110352e-01
2.208841085433959961e+00
2.746291160583496094e+00
2.592939615249633789e+00
2.497241258621215820e+00
4.709057211875915527e-01
4.474823474884033203e-01
1.705420851707458496e+00
4.625389575958251953e-01
2.585273385047912598e-01
5.034287452697753906e+00
1.649361133575439453e+00
4.411045908927917480e-01
2.317175865173339844e-01
5.024125576019287109e-01
5.010277628898620605e-01
3.676926791667938232e-01
5.665143132209777832e-01
5.912778377532958984e-01
2.500911355018615723e-01
3.853477537631988525e-01
5.854321122169494629e-01
3.564991950988769531e+00
2.639316916465759277e-01
3.571952283382415771e-01
4.325446486473083496e-01
5.228284597396850586e-01
5.232526063919067383e-01
3.936402499675750732e-01
3.647988557815551758e+00
4.872862994670867920e-01
3.550292551517486572e-01
5.182597637176513672e-01
4.506497979164123535e-01
5.402635335922241211e-01
5.361845493316650391e-01
3.843120336532592773e-01
4.039141237735748291e-01
2.908664941787719727e-01
2.782086372375488281e+00
2.767930746078491211e+00
