1.000000000000000000e+00 0.000000000000000000e+00 0.000000000000000000e+00
2.000000000000000000e+00 5.886196246139225458e-02 1.657709868203113487e-02
3.000000000000000000e+00 3.819196958897600608e-02 1.030962287755373200e-02
4.000000000000000000e+00 2.081848420052269041e-02 6.078861032652880907e-03
5.000000000000000000e+00 1.772986457590876655e-02 6.128288302243900011e-03
6.000000000000000000e+00 6.622713233547160468e-03 2.473992200565251851e-03
7.000000000000000000e+00 2.153124257543359565e-02 7.301882620322976136e-03
8.000000000000000000e+00 1.075077215490615433e-02 2.569237548034602765e-03
9.000000000000000000e+00 1.802684723212164344e-02 3.386108458809254131e-03
1.000000000000000000e+01 4.327037301021620375e-02 9.083182700290091949e-03
1.100000000000000000e+01 2.224400095034450089e-02 6.789972538418498176e-03
1.200000000000000000e+01 2.919339510572582438e-02 4.189779448415903614e-03
1.300000000000000000e+01 8.357091945830363855e-02 2.648348679501954725e-02
1.400000000000000000e+01 1.002316464718460420e-01 2.836003887960016068e-02
1.500000000000000000e+01 8.155143739605606734e-02 1.251840089219485516e-02
1.600000000000000000e+01 5.583273936802090470e-02 7.123942802867051782e-03
1.700000000000000000e+01 5.696127346162983829e-02 9.345977160343528489e-03
1.800000000000000000e+01 5.307080066524114820e-02 1.157721718349824687e-02
1.900000000000000000e+01 3.973627940128296454e-02 9.775913302675106123e-03
2.000000000000000000e+01 1.050130672368733697e-01 1.524257179584295047e-02
2.100000000000000000e+01 7.516631028747920718e-02 1.289557719473786827e-02
2.200000000000000000e+01 4.151817533856022591e-02 9.511096802318676907e-03
2.300000000000000000e+01 1.838322641957709780e-02 2.604583555370367474e-03
2.400000000000000000e+01 9.262889047279639076e-02 2.521442637367734066e-02
2.500000000000000000e+01 1.126455215015443045e-01 2.713133591488869206e-02
2.600000000000000000e+01 1.406212877167973274e-01 2.666794589756765407e-02
2.700000000000000000e+01 5.705036825849370274e-02 8.107688324147007894e-03
2.800000000000000000e+01 9.438108814445236860e-02 1.958386962406562237e-02
2.900000000000000000e+01 8.636255642670467858e-02 1.295425360310375161e-02
3.000000000000000000e+01 3.813257305773342515e-02 1.092211714463864163e-02
3.100000000000000000e+01 2.732240437158469856e-02 6.175795770443488937e-03
3.200000000000000000e+01 5.461511047754811360e-02 1.144589092099859012e-02
3.300000000000000000e+01 4.131028747921121347e-02 6.861600219202710488e-03
3.400000000000000000e+01 5.405084343074364334e-02 9.758320699351246200e-03
3.500000000000000000e+01 6.777144214777856834e-02 1.036173460160384405e-02
3.600000000000000000e+01 6.976122594440484215e-02 1.089389781462806080e-02
3.700000000000000000e+01 7.080066524114991822e-02 1.598761332425275433e-02
3.800000000000000000e+01 7.317652649085293337e-02 9.829585901522696831e-03
3.900000000000000000e+01 7.448325017818958893e-02 8.200658699945006028e-03
4.000000000000000000e+01 4.932881919695889655e-02 8.931579875291075984e-03
4.100000000000000000e+01 4.027084818246614434e-02 8.881716315841227741e-03
4.200000000000000000e+01 9.458897600380138104e-02 1.359196603067875861e-02
4.300000000000000000e+01 9.087669280114040946e-03 1.769803708171327266e-03
4.400000000000000000e+01 0.000000000000000000e+00 0.000000000000000000e+00
