8.400079679530526588e-01
8.949336515079937548e-01
8.865957805046512652e-01
8.907856560566022042e-01
1.015271349002835333e+00
9.431473702707483531e-01
8.896954469486956230e-01
9.439308544441079585e-01
8.873570348266687224e-01
8.682546924252899645e-01
8.865028821525742231e-01
1.038103157487208161e+00
1.036508626361719143e+00
8.958687054608882594e-01
8.612516578037258119e-01
9.369247544714681686e-01
8.586424308104446679e-01
9.387486087607576080e-01
9.434890257696280091e-01
8.702114273318520832e-01
1.060709383948620133e+00
9.053852919014208078e-01
8.881805839680133596e-01
8.871044214686890639e-01
9.462260795159338489e-01
8.997233680472085382e-01
8.875175068715390747e-01
8.631339382943428173e-01
8.804750665292088163e-01
8.863119686415954490e-01
8.656054030424829016e-01
8.690886798567364346e-01
8.613105002263022891e-01
8.670020447985697931e-01
8.722912175501101872e-01
8.648611036988845813e-01
8.843818224825429342e-01
9.493136806234684366e-01
8.957428452160501875e-01
9.652224053219310429e-01
9.523132167407589721e-01
8.667557932110726560e-01
8.661720849320327931e-01
1.316614055747897361e+00
9.569784084375146938e-01
8.583854653008237134e-01
8.674118432690854918e-01
8.648026918149560593e-01
9.275582074179238301e-01
8.632086560911848006e-01
1.359106084578899587e+00
8.723742937657887886e-01
1.437454157643007990e+00
1.516861519777751743e+00
1.520246585307904352e+00
8.656539421271302048e-01
8.652820904744054076e-01
8.715433027125362164e-01
1.529630348725951272e+00
1.081303786538866607e+00
8.593206504707175952e-01
8.684246613398537429e-01
1.558981424174506580e+00
9.115723643662467790e-01
9.051652980095584722e-01
8.669422634337857758e-01
9.552117372336791368e-01
8.570668126602023484e-01
8.606990807703520652e-01
1.472073623714422075e+00
9.158406919674212388e-01
9.058986221042866216e-01
8.631460009532651023e-01
8.607666875809796281e-01
9.624586723589544368e-01
8.591159280299739409e-01
1.191126344834006590e+00
1.541981170048739580e+00
9.815607317927647069e-01
1.187970554741379248e+00
9.482888149650906540e-01
9.271549989284884052e-01
9.209840126696600127e-01
9.509790252446823633e-01
9.388936036995273460e-01
9.444834062450567780e-01
1.262732498344475651e+00
9.464594981610079394e-01
1.650681933610181895e+00
1.552650289183554078e+00
8.615225150096185169e-01
9.531080802141959074e-01
8.694748114235657521e-01
8.648666971147357385e-01
8.544576595315791501e-01
8.577462014666029644e-01
8.623510647907928206e-01
8.682269079381790267e-01
9.414446669840950133e-01
1.796304461779417494e+00
1.799836638998751459e+00
1.716527781641346451e+00
1.180904357090580614e+00
9.352573717711361034e-01
1.207744387019777044e+00
9.461565131546059160e-01
9.541163095967517549e-01
1.177101313554888673e+00
9.525700281805532521e-01
8.762278802805268940e-01
1.539533989253276447e+00
1.166006171866515118e+00
1.193568774199913474e+00
8.607662187933421416e-01
8.820937501904418943e-01
1.239145725523065122e+00
1.519685204327528627e+00
8.713506209266214109e-01
9.543045661591351703e-01
9.524193708603485575e-01
1.589164832403932914e+00
9.777659621519201316e-01
1.184932897902973403e+00
9.637514207185671200e-01
9.717131515254329166e-01
9.671473019532819126e-01
8.787890534339916071e-01
8.777520256221653661e-01
8.799987902630210801e-01
1.145874003709555611e+00
9.546947286813471933e-01
9.605351756165159127e-01
9.533414423500882195e-01
1.588264148829737099e+00
9.583982920274201067e-01
9.856594347794910282e-01
1.054364351576857706e+00
1.137976852257465143e+00
9.723863831405266112e-01
1.142526535167726287e+00
9.683416394190298426e-01
1.054444673629687079e+00
1.664765854064418571e+00
9.740351315905555474e-01
1.579915203221646358e+00
1.060546865739475875e+00
9.813340714523217656e-01
9.259331345937320545e-01
9.770465721797761960e-01
9.761887553890272740e-01
9.708764668247780172e-01
1.235054881252644510e+00
1.106772694288651104e+00
1.223747776091286488e+00
9.464915894777383709e-01
1.080448704331234966e+00
9.386712441525079109e-01
9.681054055882992726e-01
9.467756449392501494e-01
1.153048597612649662e+00
1.268847748820923105e+00
1.236617110150530108e+00
9.796459219457118728e-01
9.785740862060925416e-01
9.699699573458552271e-01
1.181031483386806524e+00
1.056953742792231976e+00
9.142721977835011060e-01
9.580762451803929158e-01
9.610148116474239721e-01
9.038145950258280603e-01
8.990366063400284657e-01
1.017739338602327015e+00
9.024322395817223619e-01
9.112317194105794549e-01
9.041494114076549238e-01
1.036925398094066697e+00
9.750163815946150114e-01
9.755497260163707995e-01
9.033238848116484920e-01
1.003802329457671672e+00
1.010424788777042338e+00
9.017976936782520214e-01
1.010659390016433345e+00
9.158700798527675824e-01
1.029652380637113174e+00
1.024427296494905049e+00
1.038441697703437860e+00
1.076573657365444969e+00
1.090574536282630458e+00
1.041208742158632017e+00
1.087688796216093712e+00
1.041679245627197714e+00
1.151756650047945252e+00
1.030693956157449076e+00
1.123917272513529575e+00
1.136974581662190786e+00
1.017765460578121006e+00
1.185846353000936215e+00
1.007844093074885095e+00
1.144965575858932771e+00
1.237184848416409633e+00
1.236284482706929477e+00
1.196067337550667631e+00
1.218073978576946992e+00
9.491890434543113209e-01
9.269636349333767456e-01
1.288305220940074935e+00
9.942741648418385036e-01
9.617388669157994618e-01
1.008453539277399447e+00
1.198610246149712122e+00
1.227096636385613060e+00
9.994206758715736827e-01
1.146602716817645806e+00
1.254232454528879215e+00
9.788222676071187678e-01
1.255407299332878424e+00
1.132456957619269344e+00
1.212566031701379332e+00
1.196799154787836494e+00
9.816890274201823807e-01
9.988127918323055354e-01
1.002005064681245727e+00
9.853623643340276850e-01
9.961118218793613144e-01
1.039241163312652594e+00
1.438828447296003787e+00
1.447861033348628146e+00
1.236084382194441389e+00
1.217082933024223879e+00
1.050344020060176797e+00
1.047398672619457738e+00
1.038984249151411410e+00
1.198835475258625660e+00
9.949631145873272242e-01
9.972166258552127571e-01
1.287661271695818233e+00
1.031484114755679249e+00
1.041971118698073573e+00
1.195353649118394035e+00
1.230838269390932771e+00
1.217949430811144040e+00
1.192518426492367611e+00
1.181891636874054186e+00
1.171123218052844805e+00
1.226568175698524943e+00
1.106179663756594600e+00
1.523213977688347542e+00
1.199683980388284610e+00
1.205024067723087233e+00
1.201982565887319776e+00
1.079293468488667251e+00
1.086161990847250625e+00
1.228606197358449226e+00
1.252168741244281680e+00
1.260181896558471237e+00
1.261112502248982858e+00
1.218065404754972381e+00
1.243535701838209384e+00
1.240031683325556022e+00
9.985869401645386390e-01
1.235886863476363118e+00
1.060113929696198554e+00
9.874476614068612434e-01
1.048910378323659964e+00
1.279732834181501078e+00
1.048314718328262174e+00
1.036645236012088800e+00
1.020853130527397346e+00
1.307222862738939284e+00
1.034826120862330834e+00
1.044073238785965918e+00
1.268084132042953005e+00
1.017485869010826383e+00
1.003350633919845691e+00
1.033621639345168486e+00
1.040834158290212530e+00
9.919465450983148136e-01
1.027217156027245393e+00
1.309008220578459669e+00
1.068385389213208692e+00
9.601024179282848792e-01
1.271242248116906337e+00
1.298027632210146276e+00
1.040633925727172393e+00
1.004239438943217655e+00
1.466900071144730422e+00
1.029761610884624368e+00
1.338204019781658483e+00
9.915553320209836707e-01
1.005923587385779694e+00
1.016440888119104491e+00
1.295013357943110233e+00
1.268537427405840079e+00
1.302007686765649153e+00
9.984499979600502950e-01
1.012687441124016985e+00
1.267732915499025115e+00
1.270807699650213340e+00
1.273732101488731061e+00
1.271441817020868781e+00
9.675725097190901458e-01
9.820694800707447936e-01
1.353290949995809900e+00
9.771679615636817973e-01
1.031998986308306998e+00
1.286313277782510367e+00
1.296646433322897307e+00
1.307533461939743180e+00
1.356572115484130592e+00
1.229499197526810805e+00
1.352182015545874805e+00
1.157806334656385605e+00
9.734780195579391116e-01
1.385053783315309150e+00
1.159637842398473673e+00
1.324801751374165670e+00
1.025024088953947921e+00
1.301594629331413788e+00
1.288875473132043314e+00
1.249491362148580142e+00
9.584741536455426703e-01
1.317475429086251815e+00
1.305875914563872087e+00
9.790898197367066125e-01
1.372889977731251987e+00
9.663434164072554067e-01
1.280134955058036539e+00
9.905367299539226122e-01
1.327280896246012087e+00
9.714201518274798719e-01
9.689224182719149425e-01
9.800770480409429775e-01
9.736043455098595256e-01
9.766073214908851385e-01
9.786383232296277379e-01
1.301375162585979961e+00
1.196596617222131842e+00
1.189105558836185406e+00
1.206486116618358029e+00
9.778035178329301802e-01
9.927068667164591353e-01
1.012125401918587242e+00
1.195612249271389649e+00
1.032573419065726750e+00
1.021858814093815626e+00
1.161504367901176504e+00
9.890301757539459171e-01
1.282375776412883805e+00
1.024721468942769276e+00
9.940798300229222173e-01
1.152070858975539958e+00
1.052469621406075584e+00
9.965506371104385641e-01
1.054637868914388266e+00
1.323675192925464428e+00
1.315004189828791858e+00
1.074616375465416773e+00
1.012328936216981612e+00
1.412027057154766174e+00
1.025795041916126360e+00
1.009061726820045468e+00
1.295833789744074149e+00
1.049653207927341070e+00
9.987606264610920936e-01
1.036810679755821196e+00
1.019202762907837068e+00
1.360783831332728289e+00
9.885109275757293368e-01
9.964726941017573170e-01
1.347780098834500118e+00
9.798986284388763179e-01
1.272393554530068416e+00
9.731736883733614896e-01
1.203609787030065936e+00
9.669467862343474884e-01
1.256212581843844545e+00
1.238591558538981507e+00
9.766733838332408713e-01
1.213504087174106960e+00
9.733366207452627261e-01
1.176038014399625409e+00
1.279188498592729539e+00
9.483922268770148545e-01
1.225116808094837140e+00
9.603604565143213367e-01
9.657914951337233100e-01
1.556323771146665536e+00
1.156318559564692539e+00
9.949328899948147731e-01
9.944753735626933322e-01
1.391012842958982310e+00
1.026568413430127391e+00
1.375213725337918413e+00
1.283379629702961378e+00
1.419046218192190567e+00
1.002293289344007743e+00
1.015571729056583772e+00
9.867353221984628275e-01
1.430678633403522415e+00
9.856065381904345335e-01
1.396997741074482047e+00
1.290291041948092188e+00
1.007544324907406530e+00
1.320230724640220288e+00
1.640016040555547283e+00
1.254774615997650944e+00
1.006041508621275282e+00
1.017965045022100723e+00
9.977923745548075152e-01
1.248004706083216675e+00
1.207366052255273825e+00
1.567324099741511878e+00
1.254150512005100859e+00
1.375581559604386994e+00
1.364047539004392018e+00
1.448052561855171838e+00
1.432020062816897976e+00
1.427778138148344755e+00
1.200707320963576796e+00
9.827923190918353979e-01
1.174949193224581689e+00
1.384250601466909592e+00
1.167824723539825360e+00
1.646292233946700989e+00
1.392849116142173438e+00
1.535737066930877193e+00
1.163235645961016029e+00
1.512248444403734293e+00
1.160208239994499735e+00
1.532536455954248034e+00
1.266022825572378219e+00
1.587647584420404767e+00
1.373843114241975805e+00
1.120497359555400196e+00
1.449894480624757120e+00
1.524735565160879380e+00
1.240054164974703665e+00
1.451610320859284542e+00
1.045673642198072795e+00
1.207311388010836595e+00
1.345776017642499989e+00
1.259730249033210070e+00
1.188892827070227032e+00
1.256844328553000434e+00
1.479090916089150998e+00
1.080388526079649747e+00
1.012105095969302537e+00
1.377344432619773906e+00
1.172056254616837379e+00
1.319392811707207569e+00
1.495328332314030506e+00
1.209835674231883873e+00
1.208061489707734193e+00
1.040036628857059720e+00
1.074029597345925069e+00
1.069550461745062853e+00
1.250945684078826892e+00
1.074544240568380049e+00
9.989617270266077931e-01
1.078789190204833881e+00
1.064023973455670458e+00
1.597469769927152949e+00
1.244186958935367349e+00
1.268887482256967791e+00
1.073487781813362796e+00
1.069568082393845820e+00
1.251649963467657001e+00
1.054662852609389967e+00
1.287669052263617608e+00
1.366656645227869227e+00
9.809828517102660017e-01
1.275064672353050543e+00
1.236297413648480115e+00
1.300496303966903078e+00
1.060630744888994004e+00
9.828725555329829167e-01
1.064146959308476470e+00
1.016291058570671257e+00
1.268180125252433399e+00
1.341213222643724334e+00
1.416587256923341975e+00
1.042398218902377494e+00
1.523874684939713564e+00
1.493878941731269006e+00
1.599096629943722814e+00
1.371614959979795545e+00
1.448410711291371999e+00
9.816443537791110785e-01
1.355771128347233123e+00
1.537322714886681263e+00
1.046351857657121576e+00
1.038575115807541138e+00
1.395584477923538902e+00
1.516370821469675167e+00
1.537939025721444031e+00
1.493266433340155075e+00
1.372560438487553158e+00
1.431650607970691436e+00
1.066790361995008318e+00
1.043058815041052467e+00
1.592997382184463628e+00
1.410166942711519544e+00
1.052962850729909361e+00
1.370103122755412572e+00
1.147182382311968230e+00
1.449458558918712114e+00
1.086249267998970591e+00
1.572852971779443054e+00
1.423865875029606487e+00
1.443835296868810181e+00
1.415951332856982825e+00
1.494134832111446265e+00
1.383586697738894866e+00
1.392097741942665667e+00
1.388951312418694073e+00
1.369948183862122582e+00
1.378317398737907817e+00
1.449757942121753684e+00
1.037380224772991522e+00
1.479058226935366704e+00
1.076068921790511723e+00
1.076131994593872321e+00
1.449743091306824549e+00
1.073681813580302791e+00
1.237542867744514163e+00
1.375572295215609975e+00
1.379849692919528747e+00
1.337553058278206475e+00
1.321206432812265019e+00
1.349776048622789881e+00
1.326856368455400892e+00
1.344563997132950606e+00
1.363523948509091310e+00
1.195314737420982931e+00
1.015035184409440294e+00
1.393259247102928811e+00
1.281442849101281256e+00
1.302943038269005038e+00
1.003738369379838513e+00
1.345453483160138353e+00
1.264369671707127107e+00
1.317475128204132373e+00
1.314408339546865312e+00
1.322826776174637731e+00
1.264413477453124601e+00
1.304193732019431229e+00
1.231911094624190905e+00
1.280561240440559523e+00
1.241499862347337224e+00
1.012196304855989881e+00
1.013337900417441206e+00
1.412073336611092467e+00
1.355575627361314428e+00
1.178579747078656759e+00
1.584104551792139048e+00
1.207110363095090122e+00
1.331517149572570169e+00
1.283761103080943489e+00
1.446069593744432780e+00
1.201321376454186352e+00
1.576070457485842180e+00
1.277597817162595240e+00
1.427606532561011665e+00
1.431469550764057574e+00
1.558110838697944533e+00
9.741367515266848853e-01
1.318250632698185987e+00
1.535327623628918614e+00
1.297813855643794367e+00
1.019414642591264686e+00
1.359839101383090831e+00
1.575070680938980061e+00
1.339278000707727623e+00
1.083669383699727096e+00
1.374047017583730490e+00
1.076146380746085596e+00
1.501217940753528435e+00
1.485023785048763534e+00
1.374644435842538925e+00
1.424058308793168637e+00
1.403665464590836853e+00
1.373802717956370545e+00
1.332976371300338414e+00
1.417313030169515597e+00
1.014218676904756533e+00
9.492289165847186405e-01
1.238721704791736933e+00
1.363647898965915983e+00
1.343265205561057885e+00
1.339266800684954850e+00
1.300555131427584055e+00
1.892429082920459971e+00
1.248987976634797770e+00
1.432592655101143864e+00
1.304948816154776647e+00
1.290768226034201049e+00
1.369541557096962237e+00
1.773618573820177957e+00
1.340382000136524310e+00
9.580793741100123162e-01
1.381547927497004835e+00
1.905012982800057042e+00
1.466007121992681794e+00
1.337280237223121171e+00
1.305590161834837115e+00
1.426779697232093191e+00
1.270734747661162789e+00
1.393061505954424462e+00
1.315387442209674296e+00
1.279562950392906240e+00
1.246990959275356969e+00
1.376147493958501888e+00
1.333922199900867467e+00
1.351670222692757495e+00
1.757022012545737644e+00
1.555724225162322893e+00
1.474768517603469720e+00
1.508622145727875452e+00
1.526776206783369005e+00
1.592284621069290917e+00
1.555001889384376890e+00
1.382594133586653840e+00
1.470144163413571015e+00
1.628654590586786854e+00
1.646895450747941192e+00
1.143568061369561795e+00
1.164315009528354539e+00
1.352839859308673898e+00
1.538884462208264914e+00
1.668099927545860117e+00
1.668957380122012557e+00
1.318169805595691857e+00
1.213299008214755670e+00
1.373022646303597938e+00
1.669976435433672579e+00
1.202818922953355907e+00
1.584240073775120994e+00
1.653177649203214639e+00
1.523271435687576281e+00
1.571444317793315948e+00
1.311926111837696141e+00
1.271855879068991113e+00
1.276875948314850850e+00
1.234282020900109078e+00
1.220733173486035605e+00
1.322868432076086398e+00
1.181126648848736416e+00
1.738454092587508715e+00
1.070309402768894191e+00
1.287321008802217781e+00
1.326153800009699069e+00
1.037106842396469553e+00
1.345397649420920327e+00
1.248616846715728146e+00
1.376039001246316618e+00
1.646500484128991193e+00
1.303869956127659435e+00
1.454086390969935527e+00
1.178785152100091382e+00
1.146730161495099320e+00
1.149454992644970863e+00
1.333918175437709186e+00
1.170477454562279362e+00
1.510012523463294620e+00
1.493087899465489254e+00
1.527998330764443580e+00
1.343213967405220144e+00
1.156054551859671431e+00
1.167255641035229274e+00
1.614910710251755255e+00
1.328134181760985078e+00
1.450946362334865070e+00
1.190544803631396364e+00
1.216993184148456253e+00
1.313465153553393661e+00
1.552550798036576030e+00
1.573143882730449139e+00
1.463537841335292411e+00
1.633564374921928630e+00
1.706828812042227694e+00
1.339926011679063000e+00
1.616520219036529538e+00
1.348719351948020062e+00
1.342491173357022394e+00
1.374741245559832015e+00
1.675090934583165492e+00
1.485685485511338610e+00
1.710684450390303812e+00
1.782141948890886507e+00
1.472296394395211649e+00
1.794251736948973219e+00
1.431054340027738014e+00
1.302144958768119976e+00
1.455942368290643163e+00
1.782490515634140849e+00
1.412031475059138730e+00
1.416200591057785285e+00
1.572180977313827110e+00
1.142640814936126237e+00
1.470131219040666126e+00
1.700526598165091885e+00
1.296029146291048262e+00
1.487588123831382392e+00
1.629294329778219197e+00
1.310658942025536566e+00
1.361777996124736712e+00
1.298813997506041318e+00
1.499809695584127800e+00
1.425882815310008933e+00
1.527843663599634416e+00
1.427099106618037627e+00
1.555415065274055486e+00
1.547579853440520958e+00
1.861208864287918985e+00
1.555151544967041444e+00
1.144995256848022391e+00
1.344683452858853823e+00
1.374189474878445116e+00
1.326692493159621122e+00
1.464748888123079462e+00
1.321480830354928582e+00
1.647953669609455662e+00
1.159561622488993526e+00
1.242848221399818653e+00
1.663303273861803655e+00
1.262609627624647679e+00
1.222954934892387602e+00
1.229117092021621671e+00
1.557902572556401743e+00
1.307806858782069703e+00
1.512894070210861308e+00
1.368957450881262528e+00
1.313310595537245939e+00
1.317846351757985923e+00
1.300431653656867415e+00
1.664156043718965972e+00
1.265020892862621871e+00
1.397793535838456336e+00
1.287183675648754466e+00
1.316636756080580506e+00
1.547331612668162881e+00
1.118995931073354377e+00
1.289873129429884191e+00
1.333179101599754279e+00
1.102519986544900688e+00
1.456481123955119195e+00
1.260134591648705893e+00
1.248199241255245173e+00
1.339705217662793046e+00
1.188928266101128672e+00
1.488394793100218827e+00
1.232189578383805051e+00
1.464644239363894540e+00
1.455565879781895999e+00
1.475902475855516816e+00
1.390129298603791641e+00
1.414274026482022828e+00
1.227996287460789704e+00
1.421265261896136334e+00
1.214866918196847445e+00
1.303707995880621695e+00
1.427451920046679756e+00
1.417007359151674528e+00
1.511168494307473464e+00
1.452659605004783305e+00
1.458199037298064438e+00
1.576528133134959875e+00
1.208437515114135996e+00
1.463209867455910640e+00
1.520791499551026105e+00
1.281102877179494337e+00
1.219528033679001977e+00
1.218375972922828732e+00
1.591662057559672272e+00
1.225715065315409635e+00
1.255349439851890514e+00
1.497289955045393528e+00
1.167728365699826076e+00
1.253644695162723144e+00
1.536382599195018628e+00
1.604707777682270242e+00
1.287815293512291293e+00
1.172370342845635127e+00
1.214051822745058073e+00
1.212664009918669628e+00
1.229995062850688825e+00
1.121743054810356410e+00
1.279803558515801187e+00
1.284146688164559125e+00
1.104888431916638103e+00
1.273610773839960242e+00
1.186749498286984839e+00
1.115225713854438139e+00
1.607150751801672328e+00
1.495915775252706581e+00
1.133436721796817537e+00
1.317212736821204988e+00
1.898250326747486394e+00
1.702308065336517462e+00
1.090864139190898641e+00
1.074164944239135000e+00
1.325009160752387949e+00
1.237417969544220675e+00
1.256065721951796332e+00
1.756543637860925822e+00
1.283118209942945231e+00
1.274060139661642221e+00
1.537083438739520025e+00
1.315229352108264971e+00
1.358400062503719141e+00
1.219255000425935043e+00
1.776625488631605965e+00
1.225117495445379623e+00
1.107459928963653750e+00
1.268110102989835397e+00
1.128065766401986192e+00
1.843491496922535333e+00
1.202930396700486737e+00
1.936321143224615238e+00
1.906143302567885334e+00
1.910925386227817269e+00
1.248293076087503506e+00
1.247917669779160743e+00
1.941090091774650084e+00
1.942758733638888513e+00
1.875644706206282653e+00
1.246625194546673310e+00
1.250381569593127740e+00
1.261748032736039526e+00
1.355325823862171930e+00
1.406218152697053858e+00
1.822990001239612967e+00
1.147766477093271620e+00
1.819830731926607159e+00
1.800293377712739451e+00
1.164647698100116813e+00
1.207485029433531531e+00
1.532133246005477289e+00
1.140043375517245439e+00
1.542447404173062919e+00
1.168503089880722712e+00
1.701574028385926862e+00
1.633880641687858404e+00
1.192613647718954839e+00
1.270489522859491904e+00
1.306173220056825901e+00
1.277175187879225238e+00
1.663370596300032256e+00
1.656190659394836562e+00
1.676981875951048639e+00
1.800758419125336518e+00
1.777746388323963034e+00
2.173578397699990283e+00
1.521839795471821466e+00
1.123735232275945295e+00
1.147141065154895889e+00
1.650891758481351390e+00
1.668943530859493984e+00
1.678502757596761485e+00
1.733029882249209619e+00
1.481704247052724854e+00
1.721216326003756292e+00
1.669062748244241945e+00
2.164861351663241784e+00
2.141347355393447671e+00
1.399892610837300211e+00
1.267387906403128151e+00
1.708032515108405258e+00
1.671245785411572760e+00
1.518903772016034104e+00
1.417573501430346550e+00
1.640504799811647985e+00
1.612126611899406869e+00
1.058312652685022170e+00
1.348541497242926157e+00
1.251666574615174499e+00
1.602843191768351216e+00
1.302406450176803343e+00
1.039927074347390956e+00
1.525173441711962008e+00
1.610312457461318347e+00
1.322600317620004517e+00
1.179339743971255849e+00
1.521825483644427601e+00
1.157598227249935219e+00
1.379477815944882613e+00
1.423973897283253631e+00
1.439144777431605071e+00
1.693929341537733224e+00
1.730159710594326716e+00
1.257459178778742137e+00
1.824453484838005624e+00
1.351698415560403266e+00
1.328284401431198525e+00
1.327854278583548098e+00
1.586961286522387438e+00
2.082507461273819693e+00
1.441600534009965351e+00
1.453879878129336056e+00
2.104696120459273345e+00
1.266063138814597533e+00
1.638412373920962173e+00
2.090869697433649588e+00
1.270634192151409714e+00
1.252196556424713725e+00
1.387577621377511505e+00
1.519536660417778684e+00
1.273068047135977432e+00
1.467725297961792519e+00
1.499649904339316775e+00
1.916502895829862663e+00
1.546168110205446533e+00
1.546293206755632976e+00
1.586091415694011353e+00
1.229541554666005121e+00
1.554770363496294605e+00
1.693192186798971433e+00
1.613797917698067463e+00
1.669067483580382039e+00
1.630823531870508436e+00
1.203613220121989569e+00
1.170463630849939651e+00
1.223638822153931383e+00
1.238014603988447870e+00
1.583803483061519524e+00
1.554531880739807859e+00
1.248404748725801872e+00
1.324568157831082837e+00
1.605697041944688097e+00
1.612031456217404513e+00
1.832096460179701403e+00
1.582594661339521425e+00
1.203475240732937879e+00
1.558303680423310134e+00
1.229464738430477322e+00
1.199110857950779652e+00
1.248895851403936552e+00
1.639839276303507676e+00
1.234301383324899248e+00
1.255150041136643635e+00
1.519575215332350737e+00
1.565900855991820384e+00
1.529027287270343649e+00
1.298929299497805445e+00
1.599619256386144883e+00
1.302381834434547914e+00
2.095279920419236941e+00
1.533255208869704456e+00
1.586589426994136076e+00
1.345343672514376809e+00
1.382443014007431081e+00
1.389914458597718117e+00
1.393303579385364976e+00
1.902042683043206450e+00
1.590988231426770039e+00
1.836422654691178824e+00
1.706014179507722162e+00
1.671897199113879795e+00
1.692539480036015842e+00
1.677290388302058233e+00
1.654395744642257027e+00
1.395699709107813824e+00
1.181791191912031858e+00
1.630476519895194487e+00
1.148179083279649237e+00
1.146425615813289944e+00
1.149303867947449653e+00
1.268754761557360888e+00
1.636333259561300713e+00
1.253759282970425826e+00
1.781220193150378162e+00
1.205791463477812631e+00
1.818931922566532355e+00
1.709325131021254274e+00
1.649861365701309923e+00
1.803652687745032512e+00
1.846390519206356995e+00
1.325242890455642808e+00
1.311784874300047310e+00
1.245188225812305705e+00
1.803905943921358057e+00
1.247812205164177790e+00
1.786546672786643697e+00
1.693435889210691991e+00
1.718894067353813560e+00
1.705478051842781895e+00
1.741376375176701519e+00
1.729129960868002192e+00
1.728416782402824037e+00
1.755683840244992577e+00
1.748984446642081858e+00
1.849399656518504020e+00
1.119858313883036693e+00
1.337514071007675165e+00
1.914967840347910233e+00
1.119641487738423535e+00
1.211478283603267814e+00
1.863934708762490899e+00
1.136901001310018477e+00
1.464706314113022989e+00
1.800293648904458976e+00
1.644379820356177246e+00
1.460310800049263058e+00
1.589212306904578043e+00
1.427309607823353810e+00
1.137137063225627243e+00
1.591517783408150200e+00
1.543232173294191600e+00
1.858438432073870272e+00
1.671729226105592936e+00
1.609704374284255168e+00
1.710916210258748293e+00
1.528685850403716850e+00
1.580153491658353060e+00
1.571994590338031239e+00
1.277992006422008942e+00
1.212995225864561544e+00
1.296321781584728328e+00
1.494503398561968677e+00
1.176930139407411646e+00
1.478962277962003746e+00
1.177799168579624522e+00
1.404847053162018966e+00
1.688042698700343403e+00
1.647795116476305610e+00
1.647823541389365154e+00
1.133883860230817886e+00
1.525294528989669551e+00
1.368512391530910532e+00
1.167498134870114557e+00
1.597594872067477523e+00
1.453698810334240532e+00
1.563002427991492249e+00
1.168486090583763959e+00
1.251826234440214014e+00
1.231929720560943853e+00
1.713894401532820355e+00
1.276334995660608929e+00
1.202683938588062329e+00
1.159457107428822908e+00
1.171217101262076010e+00
1.211598108715465028e+00
1.496507860111093047e+00
1.484843336832790683e+00
1.459132169043853677e+00
1.168574956731142978e+00
1.432677807565217343e+00
1.394277893007770164e+00
1.352750212735608804e+00
1.107597867596899821e+00
1.170851182775852983e+00
1.324539050887809655e+00
1.361721798993802190e+00
1.653710515266343384e+00
1.703567370800979530e+00
1.169683684821809067e+00
1.652947464625541762e+00
1.597664037932648773e+00
1.723085298185665692e+00
1.228596033453673186e+00
1.748585271385277862e+00
1.779581456123396244e+00
1.785498313219159972e+00
1.787724368341768733e+00
1.565534723903391656e+00
1.461850916713251181e+00
1.684738632357230204e+00
1.783829504469926386e+00
1.695298833026859908e+00
1.375390070494327599e+00
1.659899463989728652e+00
1.213775260221539476e+00
1.070505350125299904e+00
1.639434281624142509e+00
1.284516530406747847e+00
1.249222239353846575e+00
1.168452030869437941e+00
1.115711154426948015e+00
1.308591661490400293e+00
1.644184635257139426e+00
1.672666954207774559e+00
1.013387257390532037e+00
1.131577748558139751e+00
1.268550173073130338e+00
1.030225349168512050e+00
1.292038041559760764e+00
1.251425209130849758e+00
1.424249516464741072e+00
1.569081098370932015e+00
1.237528172905223656e+00
1.284445278737887275e+00
1.813650647117718062e+00
1.549840038848246504e+00
1.281654873797002603e+00
1.271465788003420583e+00
1.281291263905339983e+00
1.535488547226375511e+00
1.286573673300285048e+00
1.271278459295373642e+00
1.346646387986280669e+00
1.621106923813370182e+00
1.381284182635006630e+00
1.282324814295673576e+00
1.686441341397423077e+00
1.668852554885637440e+00
1.167667942420615779e+00
1.579114279982913871e+00
1.350758341635054594e+00
1.339640259297810498e+00
1.348756118440020080e+00
1.638876030788834370e+00
1.393929004125542326e+00
1.347259928737694290e+00
1.325748397521190114e+00
1.379099696253220708e+00
1.396826414786034753e+00
1.092799975573237381e+00
1.430020521783287313e+00
1.582520140343780746e+00
1.631490530366554115e+00
1.640036808807901592e+00
1.345412619722537118e+00
1.345836476986635999e+00
1.344228871764844957e+00
1.329861568526024218e+00
1.290596400873382787e+00
1.286507626739118892e+00
1.280001278422896460e+00
1.286896048307005991e+00
1.793591097510050636e+00
1.304955360501311779e+00
1.309625118242270458e+00
1.273955352819071907e+00
1.307946989669063420e+00
1.180903190745402842e+00
1.254195298975222528e+00
1.333557016785359872e+00
1.288830828931952777e+00
1.281024069489506090e+00
1.453159654356508179e+00
1.318021548365251983e+00
1.159083267250232030e+00
1.481329005131198029e+00
1.158189646870391609e+00
1.137848707240177060e+00
1.230973900691117784e+00
1.790869954140467124e+00
1.323249424271883967e+00
1.198762909129431620e+00
1.214985238413430535e+00
1.227731573467816917e+00
1.209988917570880007e+00
2.070565953247915481e+00
1.337866560549320960e+00
1.203238144210762250e+00
1.203759350812488860e+00
1.383201972618366415e+00
1.210348513561582573e+00
1.190428971017193360e+00
1.331182631838649044e+00
1.153231534638192279e+00
1.926422934516713648e+00
1.250863371851495431e+00
1.331690292075086379e+00
1.404365100275257960e+00
1.246969285599918154e+00
1.339645665821189713e+00
1.127858504594203781e+00
1.110540848315759277e+00
1.260592034319753196e+00
1.250849191629763935e+00
1.152933020830208211e+00
1.180115803737530999e+00
1.806852183690339952e+00
1.314295189724528967e+00
1.246723203561189042e+00
1.241501478462041064e+00
1.160019890787889807e+00
1.262868512297411261e+00
1.074982062500376312e+00
2.316477194358600222e+00
2.286087030045151458e+00
1.149837542653439515e+00
1.783455953410112871e+00
1.171192624507346958e+00
1.109413591848036340e+00
1.755337018415275896e+00
1.173520483966902894e+00
1.130249475212865784e+00
1.154933077114212336e+00
1.774049233284001881e+00
1.146346354126402955e+00
1.335228312136182760e+00
1.286594000460837606e+00
1.110235927985802507e+00
1.167093817985676019e+00
1.149174474202529384e+00
1.271049053395875150e+00
1.139584753425410213e+00
1.117525530573890702e+00
1.083330552248591649e+00
1.372860146856843322e+00
1.401037716733738892e+00
1.152215048798792996e+00
1.343463334088037753e+00
1.281602075514998385e+00
1.189507875023796402e+00
1.190479823831987805e+00
1.895689942501830316e+00
1.473140814136798760e+00
1.941431230628895221e+00
1.402164838815588954e+00
1.415180505573431446e+00
1.416121780099574679e+00
1.100603257510929023e+00
1.800615377691134888e+00
1.132981601637941038e+00
1.370695434747287056e+00
1.140404724945223602e+00
1.136481666151915038e+00
2.060517297735453113e+00
1.199488662239362124e+00
1.107570809891750718e+00
1.142826596314263199e+00
1.145294017836598455e+00
1.159191742722086360e+00
1.150879307185250555e+00
1.158405790181247896e+00
1.259860438568723096e+00
1.098910354544561541e+00
1.102750658986190846e+00
1.095965943337340320e+00
1.174227604728523389e+00
1.195205913501527162e+00
1.113790963193125538e+00
1.108613930295587746e+00
1.121685562431197658e+00
1.150072739196273508e+00
1.144840072910529027e+00
1.688797211573719093e+00
1.123602598076523629e+00
1.786219364109199237e+00
1.200355800452135968e+00
1.150858921105999633e+00
1.156986764177677429e+00
1.862363075802753620e+00
1.131739855353528057e+00
1.702859039166841892e+00
1.175879097205174029e+00
1.632693352994027736e+00
1.163897911757651338e+00
1.272487378216657472e+00
1.194276005934022944e+00
1.689173195734761990e+00
1.647357567591053895e+00
1.103125245516462627e+00
1.088902911639395565e+00
1.104890556050228678e+00
1.181722739156988222e+00
1.646158441459784294e+00
1.078310924074027621e+00
1.133108723484616220e+00
1.225492942159843945e+00
1.512494357807532497e+00
1.068107278214584843e+00
1.253894008655316306e+00
1.832764104450910647e+00
1.091355546488580464e+00
1.736145651081488328e+00
1.097900700939747676e+00
1.699616738999236931e+00
1.074636956769166929e+00
1.535642792113149691e+00
1.186726200234020645e+00
1.853284044107035289e+00
1.255162529929285675e+00
1.278544460689083451e+00
1.141383371758223575e+00
1.162705737653068505e+00
1.821379066956328119e+00
1.808623025954199770e+00
1.246823285095750578e+00
1.078465818967915046e+00
1.162809118586000334e+00
1.315728114254698822e+00
1.466658344060255192e+00
1.277172309372260450e+00
1.161992122987457465e+00
1.216926902164946256e+00
1.596945651452238435e+00
1.185761586819997548e+00
1.754936471793092645e+00
1.126107610763996236e+00
1.071719503431769915e+00
1.779343691503926239e+00
1.839003448528258700e+00
1.207160173064467212e+00
1.197354529588996019e+00
1.170073865384120504e+00
1.600577400375603254e+00
1.574653575277540130e+00
1.180384791852832516e+00
1.340951185047201122e+00
1.669291665236620092e+00
1.580170109241851639e+00
1.347030862849313282e+00
1.325457742453357568e+00
1.211354693229084623e+00
1.598466521489678716e+00
1.196490112070495160e+00
1.198162254038083407e+00
1.513621579618319446e+00
1.284557585984269945e+00
1.274072494759601826e+00
1.611502508810427114e+00
1.092695519786154090e+00
1.657257471436495821e+00
1.295984696192646890e+00
1.156001450254753538e+00
1.629578117385939384e+00
1.153763433930972582e+00
1.367127409983057262e+00
1.188236802958057892e+00
1.196046395256580297e+00
1.650792042084334055e+00
1.343070486803400021e+00
1.340110461837971556e+00
1.738050038641413275e+00
1.111714725381088620e+00
1.157766281162080357e+00
1.159440973579685341e+00
1.726653121580452810e+00
1.101709765739591340e+00
1.104797558546158021e+00
1.078485975190481616e+00
1.076621201753552359e+00
1.021106838600264854e+00
1.087937466724462343e+00
1.177009012462561621e+00
1.164876662094009863e+00
1.186840524004872277e+00
1.277586934978795163e+00
1.059326532172771618e+00
1.323185070741281999e+00
1.833611595644926151e+00
1.010820425805938561e+00
1.176916988023401833e+00
1.791577747225587824e+00
1.089008001684445448e+00
1.051107717195156832e+00
1.150465920690781685e+00
1.085149569680911918e+00
1.779419117268510986e+00
1.080543931615212117e+00
1.434154828272379278e+00
1.146016142982246411e+00
1.076518436856530148e+00
1.056520522357043523e+00
1.072820838784519282e+00
1.078699527182392259e+00
1.183242146486888968e+00
1.195459995679482024e+00
1.178758167028290282e+00
1.340228959965596101e+00
1.402357692112169207e+00
1.108769381625479777e+00
1.126439263552096115e+00
1.307047190385287383e+00
1.109080249073744806e+00
1.206152321826742702e+00
1.162876411790529252e+00
1.199069752818505030e+00
1.082712722866701949e+00
1.302896310389654921e+00
1.306501286647139493e+00
1.152059432546536755e+00
1.599145784180823648e+00
1.169227819461911899e+00
1.364217022655717537e+00
1.133514297224331502e+00
1.182736856904838874e+00
1.181399161088473093e+00
1.472972882862058297e+00
1.565109315660418332e+00
1.557423697357978254e+00
1.136147509328822913e+00
1.500950165522290547e+00
1.142444973062144875e+00
1.401983360613681784e+00
1.411777216875410357e+00
1.175267940124639310e+00
1.401432534764398996e+00
1.493198455957872373e+00
1.193346811292840481e+00
1.363496318263334839e+00
1.109509571417734763e+00
1.190871320155881374e+00
1.158193754267617726e+00
1.123133619034303532e+00
1.140501240793833304e+00
1.134784660125983446e+00
1.137708657350536834e+00
1.693476555189662669e+00
1.175416999730047207e+00
1.431466408540990276e+00
1.195002621572980095e+00
1.478847353866760139e+00
1.219281481441633730e+00
1.243764090760449692e+00
1.519040074366175164e+00
1.430208352472621680e+00
1.176219469102992132e+00
1.400026412117347130e+00
1.163119070313335612e+00
1.128778400078382038e+00
1.173078618995635036e+00
1.370730077188536011e+00
1.173396199414683094e+00
1.292599871368742992e+00
1.407802311067811285e+00
1.227618715826797713e+00
1.496855723057277210e+00
1.203780489981699509e+00
1.153455115747257231e+00
1.437649873632230069e+00
1.555704299927985979e+00
1.498607715777870109e+00
1.327801984632596133e+00
1.145325435568615990e+00
1.179819392179682458e+00
1.328006671954786500e+00
1.335786699358431306e+00
1.134547543897581834e+00
1.369536779263492043e+00
1.347485368465662248e+00
1.264508250721069205e+00
1.120120057891991872e+00
1.094703490314441030e+00
1.367034300110236078e+00
1.132034804080389812e+00
1.334001075842422557e+00
1.112222295025499186e+00
1.381810738762365931e+00
1.132210224667763443e+00
1.197580869562991701e+00
1.197028958723060921e+00
1.986639141354293647e+00
1.213581530418503140e+00
1.171808729124920845e+00
1.185861068160896536e+00
1.509307966647807531e+00
1.515027713930958697e+00
1.190403978466458179e+00
1.467600754434550847e+00
1.223258950549652724e+00
1.764784605634911019e+00
1.403302619548878694e+00
1.198196114966264991e+00
1.392695204834276890e+00
1.503171019101127825e+00
1.389647503485420765e+00
1.464481339793018977e+00
1.419862298084088259e+00
1.478754018461824193e+00
1.494004524489853214e+00
1.417506600433747543e+00
1.144465900509015643e+00
1.451122846321252657e+00
1.227654927228461590e+00
1.570907291083622814e+00
1.410228589450831072e+00
1.390690046628789922e+00
1.525938919718259790e+00
1.180751751758170265e+00
1.446569224158964051e+00
1.572390444866541559e+00
1.208367749913705769e+00
1.421629010917937919e+00
1.164370732686828003e+00
1.453026025418144851e+00
1.044407700253288107e+00
1.168680262545642279e+00
1.467562440018595371e+00
1.105501894740424484e+00
1.440728729311972156e+00
1.433911717137491326e+00
1.184528176855107029e+00
1.203619139061090637e+00
1.195660370624944013e+00
1.450692456202797631e+00
1.174195130952746968e+00
1.264436482709869525e+00
1.181803370952130505e+00
1.178016085140137337e+00
1.236384578101045406e+00
1.348314631197796043e+00
1.425619351564471060e+00
1.177954778337766850e+00
1.201173054369610416e+00
1.232088189851796134e+00
1.220219806461358303e+00
1.181251623492939329e+00
1.181031892222934143e+00
1.240209002463968924e+00
1.259739413200424263e+00
1.249490036014505812e+00
1.403814780361128500e+00
1.384660851249009283e+00
1.129939441703507574e+00
1.160415236351468593e+00
1.485412794641653766e+00
1.380840509115834225e+00
1.193653709822261266e+00
1.187167029596297496e+00
1.337073209137104035e+00
1.146646591360487077e+00
1.609544332359214902e+00
1.327133505752731812e+00
1.291954974391398503e+00
1.199553090180695891e+00
1.140833024548168373e+00
1.370374716666649340e+00
1.351622603041514825e+00
1.484354680209731603e+00
1.415945969635230783e+00
1.183791421981542635e+00
1.203446078763834803e+00
1.195775241983362047e+00
1.086141591957128671e+00
1.362923631290411386e+00
1.170139997570844859e+00
1.198341256401812993e+00
1.501574915032332092e+00
1.562014382309225402e+00
1.204265092425086170e+00
1.225157102824807165e+00
1.220070350708440721e+00
1.257083008061517404e+00
1.202749887987152100e+00
1.196725352637851847e+00
1.214101203929383255e+00
1.233886299774113127e+00
1.181346180741823959e+00
1.227214630260387906e+00
1.250006340377208369e+00
1.239696905319982445e+00
1.181534780323136191e+00
1.198836163482252193e+00
1.286511365163997889e+00
1.096687331343237259e+00
1.167311360756354555e+00
1.147859653728388718e+00
1.282607202778715427e+00
1.284013602569563872e+00
1.112846204027635677e+00
1.112712028951937882e+00
1.104556223712667151e+00
1.058144978122768531e+00
1.387836050786003250e+00
1.262056933624970290e+00
1.277314633867993710e+00
1.101935549784076596e+00
1.359733743725476396e+00
1.117249497265472735e+00
1.136362441561657333e+00
1.121390207037928466e+00
1.315153467285469890e+00
1.110357829572108601e+00
1.385741825801448668e+00
1.332209547165540631e+00
1.387902390743213532e+00
1.364034104252774160e+00
1.297492571633260594e+00
9.991342631732765822e-01
1.313883374028360418e+00
1.116021004985303211e+00
1.353565314735823311e+00
1.375376442993735626e+00
1.361435018962155130e+00
1.417929244452434734e+00
1.108301352143550300e+00
1.127932624557856700e+00
1.119938804320123715e+00
1.127784682677096750e+00
1.112303287529732287e+00
1.330047623731769990e+00
1.103147841319492173e+00
1.218032222904371853e+00
1.088693118809698213e+00
1.113436722774566290e+00
1.358072077991528959e+00
1.548494454248792840e+00
1.755215336775348023e+00
1.592615011777578582e+00
1.129019404647117586e+00
1.550673254197521889e+00
1.396135197817340856e+00
1.155937328561243316e+00
1.268816580186031384e+00
1.533734171367943988e+00
1.309311313576205782e+00
1.310653415768705754e+00
1.738530682595673671e+00
1.360438004327499506e+00
1.116848412527416068e+00
1.217120828287217016e+00
1.514588636842533198e+00
1.163817839152518907e+00
1.397224777642691818e+00
1.393736309338741819e+00
1.364477890145727068e+00
1.851902827660448558e+00
1.110329204838101269e+00
1.305129792209823281e+00
1.522741231497900083e+00
1.451522118634752445e+00
1.318258382287707642e+00
1.119196473243771806e+00
1.097013379665031430e+00
1.244054962307935552e+00
1.574459271608365629e+00
1.593785079125463300e+00
1.086303246263635502e+00
1.317541208159486388e+00
1.109840116750008265e+00
1.138087498181882706e+00
1.186683885905331248e+00
1.128962902052765171e+00
1.620843871870334407e+00
1.731811786347675852e+00
1.089587500462591452e+00
1.091244656402643898e+00
1.174816537003973149e+00
1.089768338134698533e+00
1.148088608405971600e+00
1.483278158134285540e+00
1.193415032893605510e+00
1.456503633583739576e+00
1.194452738000477243e+00
1.206734305711036903e+00
1.837506137760535729e+00
1.466942445292226838e+00
1.736010509627493370e+00
1.144260610325445793e+00
1.231523712401114024e+00
1.146147507296060741e+00
1.120918944665420636e+00
1.429843804829142861e+00
1.116333139627072368e+00
1.507458812902069401e+00
1.557298436222148919e+00
1.460347572957911400e+00
1.525876405693086024e+00
1.563908508092112681e+00
1.126469927446091868e+00
1.575308728312712736e+00
1.602841887271001076e+00
1.453795529227303485e+00
1.568722761092816720e+00
1.195704008437835197e+00
1.465834585235794574e+00
1.459870690966123652e+00
1.270978397044612018e+00
1.530174670789118396e+00
1.288982882812669484e+00
1.184722528238923989e+00
1.473814322676274102e+00
1.187808089738724426e+00
1.219136033020767451e+00
1.458730716391324345e+00
1.172604167106919615e+00
1.152732791347514052e+00
1.910245835974079487e+00
1.135788541514475725e+00
1.424480785360618951e+00
1.212280809110398705e+00
1.186308277985639759e+00
1.135799351355942344e+00
1.181786940677945541e+00
1.199806907566454139e+00
1.373240449533164265e+00
1.573680540217143653e+00
1.202893070398489916e+00
1.203120416274453541e+00
1.383701243972681239e+00
1.258702431534841182e+00
1.597615610376545314e+00
1.217301596214164894e+00
1.232336364228508341e+00
1.203002776262093843e+00
1.323675483955199406e+00
1.339919865986675562e+00
1.337102262474840098e+00
1.574771907402824356e+00
1.280569765584745223e+00
1.675184866363100378e+00
1.229266428915473552e+00
1.169793893557361297e+00
1.171689756230767765e+00
1.206669834411778108e+00
1.179871018653846138e+00
1.269799540120823522e+00
1.193397410688634253e+00
1.372491613020628165e+00
1.144522142122527342e+00
1.184355255179914135e+00
1.105066351153783266e+00
1.157727234831380514e+00
1.153388313765308260e+00
1.538025370584697571e+00
1.167091026342986115e+00
1.169322372334207438e+00
1.320705778217699411e+00
1.160649113196144722e+00
1.507510374973779488e+00
1.678573557524331905e+00
1.305944866856791231e+00
1.357816175721620056e+00
1.587506956090002364e+00
1.119447294621533695e+00
1.307644687269925443e+00
1.195097408956478313e+00
1.638608797462884903e+00
1.592841789354962234e+00
1.183423762585714689e+00
1.345898649263213676e+00
1.115563588805383199e+00
1.293374553318092923e+00
1.271384089280816143e+00
1.142226943189648125e+00
1.322158490006953180e+00
1.343728887503524039e+00
1.127632361455233934e+00
1.119695914318324270e+00
1.353210503088535299e+00
1.354244359085466254e+00
1.422594901171341464e+00
1.068130634900325449e+00
1.089993251481417680e+00
1.392576652962848938e+00
1.417834461855038697e+00
1.098854480382713605e+00
1.168371058783870930e+00
1.113275807274590079e+00
1.264570249454863848e+00
1.114141210405844129e+00
1.106580745515151509e+00
1.138233321938554976e+00
1.139457842413192257e+00
1.094295762226577207e+00
1.378699425927808919e+00
1.177752526446901316e+00
1.124271898202048536e+00
1.197831138267194007e+00
1.328970837523289150e+00
1.183793264426982184e+00
1.086482968096535107e+00
1.107355499296751367e+00
1.121057875472805776e+00
1.107799752104960289e+00
1.457408807532856176e+00
1.226713975903111598e+00
1.251922818591949760e+00
1.121875811425855352e+00
1.134768356047775928e+00
1.282811682475605508e+00
1.088764806040475541e+00
1.126172187848315742e+00
1.062589051026093800e+00
1.050978184790742453e+00
1.056796580507083583e+00
1.071397933745110720e+00
1.091673567982366366e+00
1.419478380693380837e+00
1.133260554388298758e+00
1.105192418888570671e+00
1.353242400350797014e+00
1.181961129670724420e+00
1.103356462924900638e+00
1.109583344384301284e+00
1.102222094006513275e+00
1.488329034437315235e+00
1.116543681291292334e+00
1.458681061227585340e+00
1.147784692037115084e+00
1.129326343801893007e+00
1.134948175603557541e+00
1.120805993085735697e+00
1.151742750536855375e+00
1.121762401373182394e+00
1.106378288966237911e+00
1.439034586874728294e+00
1.366565843448888984e+00
1.440314341836261613e+00
1.412022426511426954e+00
1.110982886030699834e+00
1.379881980189892499e+00
1.257890367574731272e+00
1.310620181187730049e+00
1.209944171356916565e+00
1.411072118809282294e+00
1.981483049254261219e+00
1.985826175699876073e+00
1.346015318788179815e+00
1.450305292462208628e+00
1.326190505801546626e+00
1.749002061699404642e+00
1.131911310755728373e+00
1.321761505301600526e+00
1.335231191479043789e+00
2.003551226595589263e+00
1.334469858574003798e+00
1.367621394330196249e+00
1.353845268555698977e+00
1.448699559752985477e+00
1.126746096188154134e+00
1.429724135874908653e+00
1.314239473382051715e+00
1.347982070447254710e+00
1.697519667060515713e+00
1.351681672714170723e+00
1.483367603403215051e+00
1.267203883600053871e+00
1.285957250779988570e+00
1.950055222101728880e+00
1.137596612303651611e+00
1.606024416565215995e+00
1.083814260988894551e+00
1.781521584210799203e+00
1.094893590249825577e+00
1.101228723987192071e+00
1.299225004343039114e+00
1.364814580023125279e+00
1.400424171032417453e+00
1.684982563634014774e+00
1.658825905652453248e+00
1.123010406806704387e+00
1.710170409004825753e+00
1.303256820464259835e+00
1.426954921959277867e+00
1.287211517899299773e+00
1.329387641778273954e+00
1.343996021797653428e+00
1.254801292456836137e+00
1.378412630522110049e+00
1.720432203482945344e+00
1.267779755242355755e+00
1.393595841247207590e+00
1.688450460333994041e+00
1.689927432963461706e+00
1.279115974348150608e+00
1.274139885821733653e+00
1.232027092276434255e+00
1.290789363352949692e+00
1.309220447345279759e+00
1.303833695484464483e+00
1.179137090894807560e+00
1.203901919688572963e+00
1.637368881300712120e+00
1.157161194857730058e+00
1.115049847667754612e+00
1.119937499130238878e+00
1.033853969977234666e+00
1.568833085038243036e+00
1.595504690782427959e+00
1.281566150815508953e+00
1.581817840755945559e+00
1.059820306928791922e+00
1.245272307771500442e+00
1.219181484310966290e+00
1.118893203763079880e+00
1.075524553996731969e+00
1.678895525997105009e+00
1.047510479095661307e+00
1.111338875972717188e+00
1.129801291236478100e+00
1.168711147116905824e+00
1.756037478749747249e+00
1.227132270071412457e+00
1.190898118480532286e+00
1.110268493307428717e+00
1.159884114687746326e+00
1.024313779716525374e+00
1.675831276938487324e+00
1.112608720692091824e+00
1.142754095519897373e+00
1.070514093112890697e+00
1.178670148092727965e+00
1.602179867102385913e+00
1.186698065143763303e+00
1.673522917346235817e+00
1.719682397226550696e+00
1.723399038668921301e+00
1.194472625312668512e+00
1.778305593308470156e+00
1.232662823965409160e+00
1.180753608111473119e+00
1.734937828171781993e+00
1.330221469175688842e+00
1.725846081073524108e+00
1.662702394271617923e+00
1.081932160516682728e+00
1.082587776311990879e+00
1.206548504616540951e+00
1.189967926048060010e+00
1.122542341987215808e+00
1.141605083502568174e+00
1.163509712734893231e+00
1.241907734662226703e+00
1.886631874426436317e+00
1.213538620277510471e+00
1.929848541388704097e+00
1.061469049792004737e+00
1.685317453547171107e+00
1.165338604976387415e+00
1.097891595663989195e+00
1.090888727463827479e+00
1.239957417261387640e+00
1.416046400961470830e+00
1.265038697135613788e+00
1.262930474747912646e+00
1.054920645032483728e+00
1.042600404963943461e+00
1.672377172006127344e+00
1.077905152199396532e+00
1.087270939678849135e+00
1.654750726302201880e+00
1.690148540304740932e+00
1.404098096827410602e+00
1.616754489412764340e+00
1.365410196465790760e+00
1.711484225015684313e+00
1.636149764247159633e+00
1.664619000360249457e+00
1.362226812499119699e+00
1.387745218951843107e+00
1.386144207416690310e+00
1.353491977348458386e+00
1.200837560623824407e+00
1.240147225493053895e+00
1.533755261987935992e+00
1.334880072576159815e+00
1.236158027477233246e+00
1.434185548776770736e+00
1.143937403977372425e+00
1.331793639957960185e+00
1.893280625424107466e+00
1.110106836289032728e+00
1.380374173399741888e+00
1.102152624904770395e+00
1.459233338658763701e+00
1.100711771544295114e+00
1.400786920180224993e+00
1.104822666965446176e+00
1.970682972415655820e+00
1.341028971166601469e+00
1.346174170568364525e+00
1.095704427898227751e+00
1.430330385998923592e+00
1.406810960965239943e+00
1.099162380089678370e+00
1.425341048878082661e+00
1.468637742294051529e+00
1.606376779089978335e+00
1.479377521703280296e+00
1.459496293282167345e+00
1.471501116582933477e+00
1.138341032962105537e+00
1.455322659596822721e+00
1.734379596971626025e+00
1.470005700515430780e+00
1.154570154656032521e+00
1.152046648946869700e+00
1.684104573321588694e+00
1.696881014274628008e+00
1.424381212662387375e+00
1.684248059174610068e+00
1.917225186101286782e+00
1.110547843076746144e+00
1.595954008240826338e+00
1.646420407669859420e+00
1.680285297517336351e+00
1.641857468284746435e+00
1.165248610515618566e+00
1.603525655392163518e+00
1.778118275800562254e+00
1.414231544954041908e+00
1.064172199584684453e+00
1.171350059411228273e+00
1.675945173727110937e+00
1.947533231782073937e+00
1.166002306231114449e+00
1.312509572154960447e+00
1.164992401071147876e+00
1.744555151741914223e+00
1.734266515567885802e+00
1.644003948209308730e+00
1.181854173471702518e+00
1.416392844727323519e+00
1.810222766003008354e+00
1.855187080030270552e+00
1.430143797061059097e+00
1.805292317184029605e+00
1.719270800569354885e+00
1.649746319883262036e+00
1.654573987683731318e+00
1.884085812111025993e+00
1.576219704957150469e+00
1.639890250980930109e+00
1.429745572754105964e+00
1.610181039616240151e+00
1.412033830173881288e+00
1.844462178186155432e+00
1.617199263929887554e+00
1.625238586755528791e+00
1.704516882837582958e+00
1.570477938251189531e+00
1.686036188235618960e+00
1.630528852395475514e+00
1.691187693390865832e+00
1.674322002272792487e+00
1.692012901824257565e+00
1.630720449728020327e+00
1.136334226922649515e+00
1.476587270783046968e+00
1.290137193436527996e+00
1.442193931646779781e+00
1.150327740022202061e+00
1.728664804867786398e+00
1.725173225131194199e+00
1.776327857126367649e+00
1.489274295539430248e+00
1.863887382341383958e+00
1.615168845017474153e+00
1.394874906251728941e+00
1.528553498245170061e+00
1.847301441067905170e+00
1.815532055560642233e+00
1.821870130510107932e+00
1.766291225511335217e+00
1.654551924220090786e+00
1.656363709375334059e+00
1.656972231348752933e+00
1.146931061875736901e+00
1.207970689489245464e+00
1.160393092019393446e+00
1.251646042756484611e+00
1.087999431977139331e+00
1.248064377494169763e+00
1.144158467595554951e+00
1.507076605411121317e+00
1.141404476429055848e+00
1.220316613614112811e+00
1.333691254420840133e+00
1.226292483119750809e+00
1.295181078737843494e+00
1.712287884371697766e+00
1.276150265305914688e+00
