3.018605947494506836e+00
3.095717132091522217e-01
2.732155919075012207e-01
7.578861117362976074e-01
7.335898280143737793e-01
3.152438998222351074e-01
6.916640996932983398e-01
2.833812534809112549e-01
7.855030894279479980e-01
2.963621616363525391e-01
7.270759940147399902e-01
4.766086637973785400e-01
6.131501197814941406e-01
7.337716817855834961e-01
1.170552611351013184e+00
2.948318719863891602e-01
1.220379590988159180e+00
2.980735301971435547e-01
3.246570229530334473e-01
1.234872341156005859e+00
4.705398678779602051e-01
8.374397754669189453e-01
6.239625811576843262e-01
6.832804679870605469e-01
2.730611264705657959e-01
8.162924647331237793e-01
1.150229573249816895e+00
3.460001647472381592e-01
8.823288083076477051e-01
6.325550079345703125e-01
3.591935932636260986e-01
1.834071516990661621e+00
4.159910380840301514e-01
3.919792473316192627e-01
8.404518961906433105e-01
4.172076582908630371e-01
1.924839735031127930e+00
3.174886405467987061e-01
5.976594686508178711e-01
3.117271959781646729e-01
3.004491627216339111e-01
4.162499308586120605e-01
4.030403792858123779e-01
5.958982110023498535e-01
2.898181676864624023e-01
4.167250990867614746e-01
4.062049388885498047e-01
4.190159142017364502e-01
1.412111282348632812e+00
4.830929338932037354e-01
1.283833861351013184e+00
3.790573477745056152e-01
1.124035358428955078e+00
6.644356250762939453e-01
8.568510413169860840e-01
3.972833454608917236e-01
4.103437066078186035e-01
3.827012777328491211e-01
9.982153773307800293e-01
5.136461257934570312e-01
4.231733083724975586e-01
4.219471812248229980e-01
7.026013731956481934e-01
1.103210806846618652e+00
1.200812458992004395e+00
3.790037930011749268e-01
2.931966185569763184e-01
4.635265171527862549e-01
4.525750279426574707e-01
6.998411417007446289e-01
1.192190408706665039e+00
1.120182991027832031e+00
4.396306574344635010e-01
3.907716274261474609e-01
2.968684732913970947e-01
4.624123275279998779e-01
7.093623876571655273e-01
5.140880942344665527e-01
3.283194005489349365e-01
6.799148917198181152e-01
2.923632264137268066e-01
3.875759840011596680e+00
1.824076533317565918e+00
2.795920670032501221e-01
2.910720109939575195e-01
3.021923303604125977e-01
6.710740923881530762e-01
2.839836776256561279e-01
6.050249338150024414e-01
5.645931959152221680e-01
4.133443236351013184e-01
3.151907324790954590e-01
4.293843507766723633e-01
4.029996395111083984e-01
4.098287820816040039e-01
4.179719686508178711e-01
4.204598665237426758e-01
4.333187639713287354e-01
2.874784469604492188e-01
6.250513195991516113e-01
5.822848677635192871e-01
5.327403545379638672e-01
3.759383559226989746e-01
2.892078459262847900e-01
3.622629642486572266e-01
3.000155687332153320e-01
2.969116866588592529e-01
3.542167544364929199e-01
2.971280813217163086e-01
4.284200966358184814e-01
4.604752361774444580e-01
5.234586000442504883e-01
3.965481221675872803e-01
4.217053651809692383e-01
3.673869967460632324e-01
1.988783121109008789e+00
6.546912193298339844e-01
3.757176101207733154e-01
2.767109870910644531e-01
3.123910427093505859e-01
4.547407031059265137e-01
2.902814447879791260e-01
3.056206107139587402e-01
2.442608773708343506e-01
2.508511841297149658e-01
2.902050316333770752e-01
4.257042706012725830e-01
3.972695171833038330e-01
3.932494819164276123e-01
3.510400056838989258e-01
2.958713769912719727e-01
2.859322428703308105e-01
2.707641720771789551e-01
4.959986209869384766e-01
2.719973921775817871e-01
3.856748580932617188e+00
5.174285173416137695e-01
6.097024083137512207e-01
2.615548372268676758e-01
2.160930633544921875e+00
2.793321907520294189e-01
1.016985297203063965e+00
4.112192988395690918e-01
2.843827307224273682e-01
5.567466616630554199e-01
2.069328308105468750e+00
2.827969193458557129e-01
4.599113762378692627e-01
2.811385989189147949e-01
2.867714166641235352e-01
3.897745609283447266e+00
3.684998512268066406e+00
1.178955197334289551e+00
3.807089567184448242e+00
4.134019017219543457e-01
1.068050503730773926e+00
3.346793949604034424e-01
3.038921058177947998e-01
3.271893560886383057e-01
3.602776229381561279e-01
4.314121007919311523e-01
5.443878173828125000e-01
1.959372043609619141e+00
2.645963907241821289e+00
2.537934541702270508e+00
4.347344934940338135e-01
7.089563012123107910e-01
3.706423044204711914e-01
3.746799707412719727e+00
2.799654483795166016e+00
4.155040979385375977e-01
4.298327565193176270e-01
2.754021883010864258e+00
4.506452679634094238e-01
4.813948273658752441e-01
5.345301032066345215e-01
8.638136982917785645e-01
3.827914714813232422e+00
3.440271377563476562e+00
4.397866129875183105e-01
3.596078872680664062e+00
3.084386289119720459e-01
4.632247090339660645e-01
3.322911262512207031e-01
5.128487944602966309e-01
4.181392669677734375e+00
3.063466548919677734e-01
3.241671025753021240e-01
3.142893910408020020e-01
3.001268208026885986e-01
4.758027076721191406e+00
3.261282742023468018e-01
3.421279668807983398e+00
3.002122342586517334e-01
3.370541334152221680e+00
3.334069252014160156e-01
3.003795146942138672e-01
3.504805088043212891e+00
5.714594125747680664e-01
3.491738557815551758e+00
2.294590175151824951e-01
3.911737799644470215e-01
5.330515503883361816e-01
4.224394261837005615e-01
3.410201072692871094e-01
3.546877205371856689e-01
4.317863881587982178e-01
2.757240831851959229e-01
3.458487749099731445e+00
4.464350342750549316e-01
3.269438982009887695e+00
3.457674264907836914e+00
5.718278884887695312e-01
7.169992923736572266e-01
5.072402954101562500e-01
3.435644865036010742e+00
5.886497497558593750e-01
2.250532627105712891e+00
2.850638031959533691e-01
2.947930395603179932e-01
2.945005595684051514e-01
3.988240718841552734e+00
3.371027708053588867e-01
3.733928680419921875e+00
4.183473110198974609e+00
3.414953470230102539e+00
3.388527333736419678e-01
2.081035077571868896e-01
1.855190843343734741e-01
3.156856298446655273e-01
2.788348495960235596e-01
5.107025504112243652e-01
3.668046295642852783e-01
4.055049419403076172e-01
5.416914224624633789e-01
4.288613796234130859e+00
4.085378050804138184e-01
2.982521057128906250e-01
4.110600352287292480e-01
4.113508760929107666e-01
3.921122550964355469e-01
4.117805957794189453e-01
4.108236432075500488e-01
2.070249170064926147e-01
4.402604103088378906e-01
2.181015461683273315e-01
2.538839280605316162e-01
1.517341256141662598e+00
2.167721688747406006e-01
4.798634350299835205e-01
4.508135616779327393e-01
4.401142299175262451e-01
3.256413936614990234e-01
4.801388978958129883e-01
4.268583059310913086e-01
5.066443085670471191e-01
4.707042574882507324e-01
4.629229009151458740e-01
2.813192605972290039e+00
5.234305858612060547e-01
5.285436511039733887e-01
3.285298109054565430e+00
2.202636957168579102e+00
4.503565132617950439e-01
3.418518304824829102e+00
4.824999868869781494e-01
4.735171198844909668e-01
3.751057684421539307e-01
4.446115791797637939e-01
3.783155977725982666e-01
5.379189252853393555e-01
1.563130617141723633e+00
1.807687163352966309e+00
5.054844617843627930e-01
4.062313437461853027e-01
2.168700933456420898e+00
9.067404270172119141e-01
4.698154926300048828e-01
1.885811686515808105e+00
5.030072331428527832e-01
4.775435328483581543e-01
2.018997907638549805e+00
1.872518062591552734e-01
6.790274381637573242e-01
4.753338098526000977e-01
2.122372627258300781e+00
3.933669030666351318e-01
2.505663037300109863e-01
1.574489116668701172e+00
5.621929764747619629e-01
3.780493140220642090e-01
3.791150152683258057e-01
3.358597040176391602e+00
5.362811088562011719e-01
2.439418137073516846e-01
5.496408939361572266e-01
4.251736402511596680e-01
2.160464286804199219e+00
2.772856056690216064e-01
5.111092329025268555e-01
5.778833031654357910e-01
5.380788445472717285e-01
2.384861946105957031e+00
1.791938394308090210e-01
4.967396557331085205e-01
2.237310171127319336e+00
1.433344721794128418e+00
5.761171579360961914e-01
4.872956275939941406e-01
5.553218126296997070e-01
4.647077023983001709e-01
2.355868369340896606e-01
4.557718932628631592e-01
3.475864529609680176e-01
2.506227493286132812e+00
5.011932253837585449e-01
3.543028354644775391e+00
4.075292050838470459e-01
1.836092829704284668e+00
3.370325267314910889e-01
4.961317479610443115e-01
4.567948281764984131e-01
2.285027027130126953e+00
4.890052676200866699e-01
4.531437456607818604e-01
2.902158737182617188e+00
4.878593087196350098e-01
3.284179925918579102e+00
4.437076151371002197e-01
1.555109173059463501e-01
4.833096265792846680e-01
1.713883042335510254e+00
1.577315568923950195e+00
1.237190961837768555e+00
1.487569093704223633e+00
2.214544296264648438e+00
2.092064857482910156e+00
3.440285921096801758e+00
3.987244069576263428e-01
6.362544894218444824e-01
4.759292304515838623e-01
1.684679836034774780e-01
1.444205045700073242e-01
2.800846576690673828e+00
3.473472118377685547e+00
3.116868972778320312e+00
3.450077056884765625e+00
4.590885937213897705e-01
2.086385190486907959e-01
3.603239953517913818e-01
1.943683862686157227e+00
6.637216210365295410e-01
3.086542487144470215e-01
2.732088565826416016e+00
1.719259023666381836e-01
3.259351491928100586e+00
4.277653992176055908e-01
5.346969366073608398e-01
3.262562036514282227e+00
7.294251918792724609e-01
2.201320081949234009e-01
5.815492868423461914e-01
3.338808774948120117e+00
5.584818124771118164e-01
1.750128567218780518e-01
3.157475233078002930e+00
2.008982002735137939e-01
1.994343996047973633e-01
3.452110886573791504e-01
3.975973129272460938e+00
2.791855812072753906e+00
3.951285481452941895e-01
3.855777740478515625e+00
4.891514182090759277e-01
4.020895957946777344e+00
4.244813024997711182e-01
3.900198698043823242e+00
5.562852621078491211e-01
2.787438154220581055e+00
4.199121475219726562e+00
4.814287722110748291e-01
2.991965293884277344e+00
9.146214723587036133e-01
4.870652556419372559e-01
2.387517690658569336e+00
6.014695763587951660e-01
2.248894214630126953e+00
2.192218065261840820e+00
1.372516006231307983e-01
5.046422481536865234e-01
4.856534957885742188e+00
2.934135198593139648e+00
1.320585310459136963e-01
9.409407973289489746e-01
5.340172648429870605e-01
3.450484871864318848e-01
1.385890543460845947e-01
2.923815488815307617e+00
2.832956075668334961e+00
3.380836963653564453e+00
5.394564867019653320e-01
2.904366254806518555e+00
5.914314389228820801e-01
4.006046354770660400e-01
3.145853042602539062e+00
4.367663860321044922e-01
1.756377220153808594e-01
5.670285224914550781e-01
2.914473056793212891e+00
2.718967676162719727e+00
2.884512901306152344e+00
4.833860993385314941e-01
7.927218079566955566e-01
1.758808046579360962e-01
2.511495053768157959e-01
5.076142549514770508e-01
4.478939175605773926e-01
1.674178987741470337e-01
1.755822002887725830e-01
1.700935661792755127e-01
3.217924833297729492e-01
2.100129842758178711e+00
4.461356997489929199e-01
1.625351905822753906e-01
5.753495097160339355e-01
1.299725174903869629e-01
1.318560838699340820e-01
1.317462474107742310e-01
6.460989117622375488e-01
3.786473512649536133e+00
8.213519454002380371e-01
3.403225421905517578e+00
4.955966174602508545e-01
1.310154646635055542e-01
3.194479703903198242e+00
8.389517664909362793e-01
2.968370676040649414e+00
2.948885262012481689e-01
4.775495529174804688e-01
1.678526252508163452e-01
4.109778106212615967e-01
4.721598625183105469e-01
3.943401873111724854e-01
4.370212554931640625e-01
1.132715821266174316e+00
5.099406242370605469e-01
3.896536111831665039e+00
3.812647461891174316e-01
2.491586685180664062e+00
1.407783925533294678e-01
5.048630833625793457e-01
2.864801585674285889e-01
3.886957645416259766e+00
4.808651804924011230e-01
1.192394733428955078e+00
2.095166683197021484e+00
3.769800364971160889e-01
2.522239923477172852e+00
5.134097933769226074e-01
3.562569320201873779e-01
1.591202616691589355e-01
3.146984279155731201e-01
3.847140669822692871e-01
3.813347339630126953e+00
5.817062258720397949e-01
1.227307245135307312e-01
4.441511034965515137e-01
3.354053795337677002e-01
6.153489947319030762e-01
3.839769661426544189e-01
5.897791981697082520e-01
5.654532909393310547e-01
1.677795499563217163e-01
1.757441610097885132e-01
1.391577124595642090e-01
5.606579780578613281e-01
4.440062046051025391e-01
1.751089096069335938e-01
6.671600937843322754e-01
1.849969625473022461e-01
1.431554108858108521e-01
7.083805799484252930e-01
5.078635811805725098e-01
7.085554003715515137e-01
1.968002557754516602e+00
2.347501039505004883e+00
2.300062894821166992e+00
1.297451704740524292e-01
1.682441830635070801e+00
5.050787925720214844e-01
1.273591518402099609e-01
2.598202943801879883e+00
4.577590823173522949e-01
4.180448353290557861e-01
1.265364885330200195e-01
2.254841566085815430e+00
2.008131980895996094e+00
2.190791845321655273e+00
1.322968304157257080e-01
4.534300267696380615e-01
3.603555858135223389e-01
3.544836938381195068e-01
2.488741397857666016e+00
4.737661778926849365e-01
6.172134280204772949e-01
1.361286491155624390e-01
1.587418079376220703e+00
4.287656843662261963e-01
4.460717141628265381e-01
1.204138025641441345e-01
3.497113287448883057e-01
2.164149045944213867e+00
3.889476656913757324e-01
2.160514831542968750e+00
1.541116088628768921e-01
2.181464433670043945e+00
4.191426634788513184e-01
4.306754469871520996e-01
3.087219595909118652e-01
2.187894344329833984e+00
6.490832567214965820e-01
3.816362917423248291e-01
7.888249158859252930e-01
9.120340347290039062e-01
3.626609444618225098e-01
8.356603980064392090e-01
2.597773075103759766e+00
4.333892166614532471e-01
4.476696848869323730e-01
4.769873321056365967e-01
5.922894477844238281e-01
4.859160482883453369e-01
4.691874086856842041e-01
5.258719325065612793e-01
4.787187278270721436e-01
1.346567869186401367e-01
7.913435101509094238e-01
1.900906413793563843e-01
3.433277606964111328e-01
4.058410227298736572e-01
1.304286420345306396e-01
4.105113148689270020e-01
7.029516696929931641e-01
4.231982231140136719e-01
4.779309928417205811e-01
4.101864099502563477e-01
1.675747036933898926e-01
2.239848136901855469e+00
1.596763581037521362e-01
2.060540914535522461e+00
1.543677151203155518e-01
6.804435849189758301e-01
8.088592886924743652e-01
1.475148558616638184e+00
2.051854372024536133e+00
4.093961417675018311e-01
1.639718562364578247e-01
2.913651466369628906e-01
2.063275814056396484e+00
3.130245804786682129e-01
1.291059702634811401e-01
3.305145502090454102e-01
1.355433940887451172e+00
3.691811561584472656e-01
8.588612079620361328e-01
1.253551125526428223e+00
1.695119619369506836e+00
9.459868669509887695e-01
3.666252791881561279e-01
1.335355281829833984e+00
4.286510944366455078e-01
6.525355577468872070e-01
9.990955144166946411e-02
1.794046759605407715e-01
8.961362391710281372e-02
6.183068156242370605e-01
8.855852484703063965e-01
6.921563148498535156e-01
1.008729219436645508e+00
1.791362464427947998e-01
9.483791887760162354e-02
6.694865822792053223e-01
1.093687787652015686e-01
9.477931261062622070e-01
7.409114837646484375e-01
1.303982585668563843e-01
3.557129204273223877e-01
8.610825538635253906e-01
3.530499637126922607e-01
6.029554605484008789e-01
7.920713424682617188e-01
7.014516592025756836e-01
4.360162317752838135e-01
1.178040802478790283e-01
3.436562120914459229e-01
1.307075768709182739e-01
3.719576001167297363e-01
3.944544792175292969e-01
3.812448084354400635e-01
1.670690923929214478e-01
2.300493121147155762e-01
9.682774543762207031e-01
4.428806602954864502e-01
1.221723258495330811e-01
1.165201902389526367e+00
7.493673563003540039e-01
4.187086224555969238e-01
1.125004589557647705e-01
1.394871026277542114e-01
1.182065531611442566e-01
7.757483720779418945e-01
8.655639290809631348e-01
7.397209405899047852e-01
1.892130225896835327e-01
1.899625062942504883e-01
1.828712671995162964e-01
1.643492728471755981e-01
9.194446802139282227e-01
1.070771813392639160e-01
1.008993268013000488e+00
1.321460008621215820e-01
1.408763676881790161e-01
1.204570770263671875e+00
2.050241380929946899e-01
1.500570029020309448e-01
1.405404806137084961e+00
1.322081565856933594e+00
1.294410079717636108e-01
3.599801659584045410e-01
2.118397951126098633e-01
1.487697601318359375e+00
9.945216774940490723e-02
1.018309146165847778e-01
1.083525717258453369e-01
2.576308548450469971e-01
1.016392931342124939e-01
1.280635893344879150e-01
3.278659880161285400e-01
1.263565570116043091e-01
1.211468353867530823e-01
2.012405991554260254e-01
1.186663433909416199e-01
3.586694598197937012e-01
5.611686110496520996e-01
5.008434057235717773e-01
1.284319996833801270e+00
2.512378990650177002e-01
2.336026579141616821e-01
1.545247584581375122e-01
2.601736485958099365e-01
5.603802204132080078e-01
8.449677228927612305e-01
1.711034029722213745e-01
7.052065134048461914e-01
3.103703558444976807e-01
2.040550410747528076e-01
5.707898139953613281e-01
1.345434635877609253e-01
2.005065232515335083e-01
1.237726435065269470e-01
1.474227607250213623e-01
1.447613388299942017e-01
1.413913071155548096e-01
1.980449110269546509e-01
1.425567716360092163e-01
3.839046955108642578e-01
5.818600058555603027e-01
1.833646595478057861e-01
6.637216210365295410e-01
1.577275544404983521e-01
5.072172880172729492e-01
9.904652833938598633e-02
5.690379142761230469e-01
1.443907916545867920e-01
9.276185929775238037e-02
1.041474044322967529e-01
5.722458362579345703e-01
1.468936651945114136e-01
1.319184750318527222e-01
2.152724862098693848e-01
2.218919098377227783e-01
1.930733919143676758e-01
4.509193897247314453e-01
2.317947745323181152e-01
6.115270853042602539e-01
1.041435003280639648e+00
5.089947581291198730e-01
1.182574182748794556e-01
1.798583865165710449e-01
1.301954090595245361e-01
1.230779588222503662e-01
1.334403395652770996e+00
1.189942359924316406e-01
1.912427693605422974e-01
8.000599145889282227e-01
1.602630317211151123e-01
1.159936860203742981e-01
4.546034038066864014e-01
3.968116641044616699e-01
1.590692996978759766e-01
5.015101432800292969e-01
1.380818933248519897e-01
1.218753606081008911e-01
1.760864406824111938e-01
1.829619854688644409e-01
1.301199793815612793e-01
8.054903745651245117e-01
1.143174648284912109e+00
1.570076942443847656e-01
1.104807108640670776e-01
1.261469960212707520e+00
1.134393662214279175e-01
1.597323268651962280e-01
1.087493658065795898e+00
1.147027134895324707e+00
1.099515631794929504e-01
1.069017291069030762e+00
4.573484063148498535e-01
1.322662532329559326e-01
1.259080916643142700e-01
1.249330714344978333e-01
1.219829469919204712e-01
1.126303970813751221e-01
1.197201609611511230e+00
4.676330685615539551e-01
5.610863566398620605e-01
8.456678986549377441e-01
1.270934492349624634e-01
1.271119564771652222e-01
1.173103004693984985e-01
1.156803607940673828e+00
5.530239343643188477e-01
1.046612262725830078e+00
5.621718764305114746e-01
6.061547994613647461e-01
1.234522983431816101e-01
1.163262799382209778e-01
8.992590308189392090e-01
5.991695523262023926e-01
1.126903593540191650e-01
1.048706322908401489e-01
1.303147524595260620e-01
1.475317776203155518e-01
6.629845499992370605e-01
5.274380445480346680e-01
1.040239855647087097e-01
1.713527739048004150e-01
4.066689908504486084e-01
4.094125926494598389e-01
3.733127415180206299e-01
1.199867799878120422e-01
4.622468352317810059e-01
1.274720281362533569e-01
3.210431933403015137e-01
1.251492500305175781e-01
1.203065961599349976e-01
1.451139450073242188e-01
1.201396062970161438e-01
1.183819100260734558e-01
4.846698939800262451e-01
1.362333446741104126e-01
3.251812756061553955e-01
1.158707961440086365e-01
1.278832912445068359e+00
1.351780652999877930e+00
1.451915800571441650e-01
1.338233053684234619e-01
1.500151455402374268e-01
1.161713525652885437e-01
4.272367358207702637e-01
1.694388538599014282e-01
1.011358276009559631e-01
4.685716927051544189e-01
5.338921546936035156e-01
4.749663174152374268e-01
1.493810266256332397e-01
6.200212240219116211e-01
3.885197937488555908e-01
1.317226290702819824e-01
2.062650918960571289e-01
5.371142625808715820e-01
1.806759238243103027e-01
8.190369606018066406e-01
1.269922256469726562e-01
3.309467136859893799e-01
4.805996417999267578e-01
4.953385293483734131e-01
5.152569413185119629e-01
1.764429062604904175e-01
4.587696492671966553e-01
4.733201861381530762e-01
1.711768954992294312e-01
4.321281015872955322e-01
1.737827211618423462e-01
1.730735599994659424e-01
1.308530718088150024e-01
1.152415722608566284e-01
1.509254723787307739e-01
4.748805761337280273e-01
2.054320275783538818e-01
1.242495402693748474e-01
1.871362328529357910e-01
1.734859943389892578e-01
5.618779063224792480e-01
4.073560833930969238e-01
4.571464061737060547e-01
1.310010701417922974e-01
3.614947199821472168e-01
4.002144932746887207e-01
8.471862077713012695e-01
4.213699698448181152e-01
4.867658019065856934e-01
1.423699110746383667e-01
2.016227543354034424e-01
1.034202694892883301e+00
1.701029837131500244e-01
7.864373326301574707e-01
1.833509504795074463e-01
1.318976432085037231e-01
3.596034646034240723e-01
1.118750870227813721e-01
1.143900379538536072e-01
9.792777150869369507e-02
1.672374755144119263e-01
1.609973460435867310e-01
1.236173659563064575e-01
1.542605161666870117e-01
1.366196125745773315e-01
1.479995548725128174e-01
1.621068567037582397e-01
1.575978100299835205e-01
4.402329921722412109e-01
5.324192047119140625e-01
1.292481273412704468e-01
1.513328999280929565e-01
1.340791285037994385e-01
1.171647980809211731e-01
1.254666090011596680e+00
1.605682373046875000e-01
2.176193594932556152e-01
1.696583330631256104e-01
4.395407140254974365e-01
1.882775425910949707e-01
6.336594820022583008e-01
3.719311356544494629e-01
9.593495130538940430e-01
9.130766987800598145e-01
1.022329688072204590e+00
1.361305475234985352e+00
3.756222426891326904e-01
3.841956853866577148e-01
4.084181189537048340e-01
1.344500929117202759e-01
3.739969134330749512e-01
8.576834946870803833e-02
2.070505470037460327e-01
1.423527747392654419e-01
1.388405859470367432e-01
4.554035365581512451e-01
5.068308115005493164e-01
5.350050330162048340e-01
4.688341617584228516e-01
1.045370250940322876e-01
5.995816588401794434e-01
5.643147230148315430e-01
8.708468824625015259e-02
9.338109940290451050e-02
1.082737371325492859e-01
1.703398823738098145e-01
8.299977183341979980e-01
4.959707856178283691e-01
1.970408111810684204e-01
1.321541965007781982e-01
9.249520301818847656e-01
2.620420157909393311e-01
1.397089958190917969e-01
1.555225700139999390e-01
1.219178795814514160e+00
2.343320846557617188e-01
1.638943254947662354e-01
1.398680359125137329e-01
1.640428006649017334e-01
6.673203110694885254e-01
4.127175807952880859e-01
2.536180019378662109e-01
2.562951743602752686e-01
2.477736473083496094e-01
2.244658023118972778e-01
2.863888144493103027e-01
3.920225501060485840e-01
2.436887919902801514e-01
1.579057127237319946e-01
4.829030334949493408e-01
1.432628929615020752e-01
2.621396183967590332e-01
2.896190285682678223e-01
3.803316354751586914e-01
3.927215337753295898e-01
9.602765738964080811e-02
3.494608998298645020e-01
3.325993418693542480e-01
9.849879145622253418e-02
1.094137668609619141e+00
1.738024204969406128e-01
8.574696630239486694e-02
1.338338017463684082e+00
1.391685962677001953e+00
9.407171607017517090e-02
3.144544661045074463e-01
1.046362876892089844e+00
3.592423498630523682e-01
4.212669432163238525e-01
9.249040484428405762e-02
4.498028755187988281e-01
1.570820808410644531e-01
4.015449583530426025e-01
1.049911141395568848e+00
1.506258249282836914e-01
7.668808102607727051e-01
4.545426070690155029e-01
5.289553403854370117e-01
4.714809954166412354e-01
1.209029197692871094e+00
1.542482137680053711e+00
1.312469124794006348e+00
9.056413173675537109e-01
6.502978205680847168e-01
7.012105584144592285e-01
1.402102828025817871e+00
1.713498830795288086e-01
2.326831966638565063e-01
2.387833893299102783e-01
9.212205559015274048e-02
1.856743842363357544e-01
1.328974962234497070e+00
9.859891235828399658e-02
1.052838087081909180e+00
1.276028752326965332e+00
1.056044101715087891e+00
2.557110786437988281e-01
1.066783785820007324e+00
1.268360137939453125e+00
2.741543054580688477e-01
2.883547842502593994e-01
2.000571340322494507e-01
1.285350441932678223e+00
2.108644843101501465e-01
1.234969973564147949e+00
1.162374615669250488e-01
3.768540024757385254e-01
2.097520381212234497e-01
1.287725716829299927e-01
1.546996384859085083e-01
1.662420034408569336e-01
1.485906094312667847e-01
1.153743863105773926e-01
1.090147495269775391e-01
1.149366199970245361e-01
4.739202558994293213e-01
1.754349321126937866e-01
4.604627788066864014e-01
5.893662571907043457e-01
1.248210966587066650e-01
1.374501883983612061e-01
7.098884582519531250e-01
1.265588551759719849e-01
2.050200700759887695e-01
2.211826741695404053e-01
2.172155529260635376e-01
1.663790583610534668e+00
1.612437963485717773e-01
1.644533395767211914e+00
3.760342299938201904e-01
2.275007367134094238e-01
4.156299531459808350e-01
1.254771947860717773e-01
1.424859166145324707e-01
1.629667878150939941e-01
1.677361726760864258e-01
2.242970615625381470e-01
2.082706391811370850e-01
1.308136343955993652e+00
4.033141434192657471e-01
1.695951223373413086e+00
5.473580360412597656e-01
2.061502784490585327e-01
1.584477126598358154e-01
3.867228925228118896e-01
4.878713190555572510e-01
4.760176837444305420e-01
5.518042445182800293e-01
4.734089970588684082e-01
2.047727406024932861e-01
4.195123016834259033e-01
1.246542930603027344e-01
2.920801341533660889e-01
8.294285833835601807e-02
1.205750629305839539e-01
2.028819620609283447e-01
8.359411358833312988e-02
1.386425375938415527e+00
1.391918361186981201e-01
9.050841629505157471e-02
4.398185908794403076e-01
1.037990823388099670e-01
8.874154090881347656e-01
1.005196943879127502e-01
6.652601361274719238e-01
1.069643735885620117e+00
1.195055007934570312e+00
1.793971955776214600e-01
1.140176296234130859e+00
1.183266043663024902e+00
6.712861061096191406e-01
8.030787706375122070e-01
1.189087867736816406e+00
3.426475524902343750e-01
2.458342760801315308e-01
1.056340336799621582e+00
2.927761971950531006e-01
7.697308659553527832e-01
1.180506110191345215e+00
1.125276446342468262e+00
1.202425479888916016e+00
1.244098901748657227e+00
4.680149257183074951e-01
6.996212601661682129e-01
7.614241838455200195e-01
2.019233256578445435e-01
1.090983986854553223e+00
2.727911472320556641e-01
1.048013329505920410e+00
1.124598145484924316e+00
2.799765765666961670e-01
1.156476259231567383e+00
1.186371743679046631e-01
1.320312172174453735e-01
1.418336987495422363e+00
2.905348837375640869e-01
1.502754688262939453e-01
1.286182761192321777e+00
1.099618375301361084e-01
3.249963819980621338e-01
1.579934060573577881e-01
1.050217270851135254e+00
1.101187944412231445e+00
1.166452646255493164e+00
1.282324939966201782e-01
7.936673164367675781e-01
1.211308240890502930e+00
1.071257472038269043e+00
1.213032245635986328e+00
1.607482731342315674e-01
1.208385467529296875e+00
1.084297657012939453e+00
7.962684035301208496e-01
4.165147244930267334e-01
1.424203515052795410e+00
4.157579541206359863e-01
1.261714249849319458e-01
4.797971844673156738e-01
1.704298377037048340e+00
4.569779932498931885e-01
5.497978925704956055e-01
3.942783772945404053e-01
4.943056106567382812e-01
1.540029793977737427e-01
1.080696806311607361e-01
9.850136935710906982e-02
9.615432471036911011e-02
5.042818188667297363e-01
6.713992357254028320e-01
5.682836174964904785e-01
1.901307404041290283e-01
1.548851847648620605e+00
6.572418212890625000e-01
9.576291441917419434e-01
7.103329896926879883e-01
2.329746931791305542e-01
1.248059988021850586e+00
7.662671208381652832e-01
5.277782678604125977e-01
5.540494918823242188e-01
1.084989070892333984e+00
2.278040945529937744e-01
6.860730051994323730e-01
1.057724833488464355e+00
4.794253110885620117e-01
1.986550986766815186e-01
1.370950788259506226e-01
1.095704436302185059e-01
2.031925171613693237e-01
7.350208163261413574e-01
4.135572612285614014e-01
1.139923557639122009e-01
9.494710564613342285e-01
1.111283659934997559e+00
1.172927737236022949e+00
1.150064170360565186e-01
1.111659646034240723e+00
1.131494522094726562e+00
1.438155621290206909e-01
2.853876948356628418e-01
1.023244112730026245e-01
1.097546458244323730e+00
2.564097940921783447e-01
2.651010751724243164e-01
1.191292405128479004e+00
1.242984607815742493e-01
1.031695246696472168e+00
9.562446475028991699e-01
1.047760367393493652e+00
2.995395064353942871e-01
1.545605659484863281e-01
9.744189977645874023e-01
9.990081936120986938e-02
1.035012006759643555e+00
1.382497847080230713e-01
1.317303419113159180e+00
2.464718073606491089e-01
6.112530231475830078e-01
6.773455739021301270e-01
6.617103815078735352e-01
7.139893174171447754e-01
1.372436285018920898e-01
5.562810897827148438e-01
1.126841008663177490e-01
1.421824395656585693e-01
1.371919959783554077e-01
1.342280954122543335e-01
1.461692154407501221e-01
4.400261938571929932e-01
4.791492223739624023e-01
5.551826953887939453e-01
1.039936468005180359e-01
1.481436043977737427e-01
1.089327096939086914e+00
1.498559713363647461e-01
5.438766479492187500e-01
1.443901062011718750e-01
1.401689648628234863e-01
1.336705237627029419e-01
6.161514520645141602e-01
1.675115823745727539e+00
2.798368632793426514e-01
1.591902613639831543e+00
1.380816459655761719e+00
1.473864167928695679e-01
1.009483039379119873e-01
6.911846399307250977e-01
1.462916433811187744e-01
1.535973846912384033e-01
1.481536775827407837e-01
1.461971402168273926e-01
2.327389866113662720e-01
6.207820773124694824e-01
1.522574126720428467e-01
1.543194353580474854e-01
7.342953681945800781e-01
1.498301774263381958e-01
1.374875605106353760e-01
1.083710432052612305e+00
2.061218500137329102e+00
2.595180571079254150e-01
1.221596896648406982e-01
6.002084612846374512e-01
2.096359580755233765e-01
1.190568655729293823e-01
8.697102665901184082e-01
1.358432054519653320e+00
1.228412270545959473e+00
1.509294807910919189e-01
1.543182730674743652e-01
1.342674732208251953e+00
1.529563784599304199e+00
9.652691334486007690e-02
6.986563801765441895e-01
1.405468732118606567e-01
1.452551931142807007e-01
1.716017723083496094e+00
1.431432515382766724e-01
2.880766689777374268e-01
8.845040202140808105e-02
9.422861784696578979e-02
1.503055572509765625e+00
7.261232733726501465e-01
1.601565241813659668e+00
3.535928428173065186e-01
1.338305920362472534e-01
1.689562439918518066e+00
1.792325019836425781e+00
1.728643894195556641e+00
1.320995241403579712e-01
1.297614455223083496e+00
1.483435034751892090e-01
1.482599079608917236e-01
4.471594989299774170e-01
1.190968751907348633e-01
2.080242395401000977e+00
1.661065816879272461e-01
9.146069884300231934e-01
6.182312965393066406e-01
4.960133731365203857e-01
1.204139068722724915e-01
2.581720352172851562e-01
1.413878560066223145e+00
2.598695755004882812e-01
1.376296728849411011e-01
1.601943016052246094e+00
1.493277788162231445e+00
1.635655462741851807e-01
1.656932830810546875e-01
1.582079380750656128e-01
1.147141605615615845e-01
1.635009795427322388e-01
1.994543671607971191e-01
5.925861001014709473e-01
1.763211190700531006e-01
6.328423619270324707e-01
1.698233187198638916e-01
5.499075055122375488e-01
5.992091298103332520e-01
1.188886240124702454e-01
1.297231674194335938e+00
7.042713165283203125e-01
7.061445116996765137e-01
8.269969224929809570e-01
3.024194240570068359e+00
7.163382172584533691e-01
8.139823079109191895e-01
1.548166573047637939e-01
7.335867285728454590e-01
6.830177903175354004e-01
5.562722086906433105e-01
1.427164971828460693e-01
1.267246156930923462e-01
5.656388401985168457e-01
5.635645389556884766e-01
8.458914756774902344e-01
8.361833095550537109e-01
7.477064728736877441e-01
1.185491979122161865e-01
1.307321667671203613e+00
1.061923131346702576e-01
1.443450152873992920e-01
1.036524057388305664e+00
1.053669691085815430e+00
1.151904389262199402e-01
1.644952058792114258e+00
1.108829975128173828e-01
7.359838485717773438e-01
1.015477105975151062e-01
1.463665127754211426e+00
1.601025760173797607e-01
7.800734639167785645e-01
1.140389218926429749e-01
1.099273785948753357e-01
2.095949411392211914e+00
2.324424028396606445e+00
1.738487005233764648e+00
2.076566696166992188e+00
1.634001433849334717e-01
9.356066584587097168e-01
1.327201128005981445e-01
1.730248570442199707e+00
3.879499137401580811e-01
8.471307158470153809e-01
1.486982107162475586e+00
1.089323088526725769e-01
1.574171632528305054e-01
1.025726422667503357e-01
8.315633535385131836e-01
1.046652719378471375e-01
2.446117877960205078e+00
8.854832649230957031e-01
1.680328488349914551e+00
1.199048385024070740e-01
1.583390533924102783e-01
1.602170914411544800e-01
2.343094825744628906e+00
1.841390132904052734e+00
1.196178719401359558e-01
9.974607080221176147e-02
1.292905509471893311e-01
5.474796891212463379e-01
8.774413466453552246e-01
1.438961029052734375e-01
1.346643716096878052e-01
1.381467431783676147e-01
1.166750431060791016e+00
1.614592969417572021e-01
9.448489546775817871e-02
1.324058175086975098e+00
1.218757852911949158e-01
7.895867824554443359e-01
2.295653820037841797e-01
1.408089250326156616e-01
1.333463191986083984e-01
1.445598006248474121e-01
1.277186155319213867e+00
1.430026441812515259e-01
1.933394670486450195e-01
1.841615736484527588e-01
1.469601541757583618e-01
1.296724379062652588e-01
8.980864286422729492e-02
2.060605138540267944e-01
1.491561830043792725e-01
1.548865437507629395e-01
1.666266471147537231e-01
2.536766529083251953e-01
1.509887576103210449e+00
1.253359436988830566e+00
2.221612185239791870e-01
4.509575963020324707e-01
2.219678610563278198e-01
2.020416855812072754e-01
1.002251863479614258e+00
2.051750272512435913e-01
1.543964296579360962e-01
1.710053920745849609e+00
2.209922820329666138e-01
1.497974753379821777e+00
9.886956214904785156e-02
1.380067348480224609e+00
1.746950298547744751e-01
1.955797374248504639e-01
1.034266874194145203e-01
1.070578321814537048e-01
2.180301547050476074e-01
1.477082371711730957e-01
1.236562252044677734e+00
1.255390644073486328e+00
1.842827945947647095e-01
1.324565410614013672e-01
1.286271065473556519e-01
1.555243730545043945e-01
1.660249382257461548e-01
1.097483277320861816e+00
1.429904997348785400e-01
1.794183969497680664e+00
1.384574890136718750e+00
1.740186095237731934e+00
9.375779330730438232e-02
1.525656431913375854e-01
9.188944101333618164e-02
1.920279711484909058e-01
5.534909367561340332e-01
1.383962035179138184e+00
1.841167211532592773e-01
1.338713169097900391e-01
8.778683543205261230e-01
1.463489413261413574e+00
1.438978463411331177e-01
1.815628707408905029e-01
1.544605344533920288e-01
1.214406415820121765e-01
1.329746007919311523e+00
1.404211670160293579e-01
1.565553396940231323e-01
1.351629942655563354e-01
1.386737525463104248e-01
1.343490362167358398e+00
1.469619750976562500e+00
1.555804610252380371e+00
1.726519465446472168e-01
1.306150555610656738e-01
1.251843273639678955e-01
1.080354452133178711e-01
1.786179989576339722e-01
1.174783259630203247e-01
5.334110260009765625e-01
6.752256751060485840e-01
1.500869035720825195e+00
9.876839816570281982e-02
1.249004527926445007e-01
1.957406252622604370e-01
1.029120981693267822e-01
2.347747683525085449e-01
1.331539750099182129e+00
1.505643278360366821e-01
5.794297456741333008e-01
1.449657678604125977e+00
1.006974220275878906e+00
1.112313717603683472e-01
1.829049736261367798e-01
1.514773666858673096e-01
1.061343789100646973e+00
1.580419689416885376e-01
1.348889589309692383e+00
1.185767427086830139e-01
1.040767729282379150e-01
1.376063466072082520e+00
1.092611327767372131e-01
1.975461989641189575e-01
2.077730298042297363e-01
1.270182132720947266e-01
1.262554675340652466e-01
2.343096584081649780e-01
1.891533374786376953e+00
1.180265396833419800e-01
1.135499328374862671e-01
1.146430298686027527e-01
1.140162125229835510e-01
1.178148612380027771e-01
1.104048788547515869e-01
1.586003303527832031e-01
1.044560521841049194e-01
1.390375643968582153e-01
1.260519027709960938e+00
1.510952830314636230e+00
1.915978938341140747e-01
1.191184967756271362e-01
1.462321519851684570e+00
1.734655201435089111e-01
2.672224342823028564e-01
1.209420785307884216e-01
2.618815600872039795e-01
2.102536857128143311e-01
1.430651545524597168e+00
1.595845371484756470e-01
1.452758014202117920e-01
1.818256080150604248e-01
2.128592729568481445e-01
1.375285238027572632e-01
2.700497508049011230e-01
1.943409144878387451e-01
1.863093972206115723e-01
1.975661665201187134e-01
8.411085605621337891e-02
2.448894828557968140e-01
1.457008957862854004e+00
1.104999929666519165e-01
8.699624985456466675e-02
2.359133213758468628e-01
1.870313733816146851e-01
1.357558965682983398e-01
8.550652861595153809e-02
2.853477001190185547e-01
3.964305520057678223e-01
8.762928098440170288e-02
2.553060948848724365e-01
1.019954383373260498e-01
5.879192948341369629e-01
8.865255862474441528e-02
2.396520674228668213e-01
1.271530240774154663e-01
2.227413654327392578e-01
1.368794441223144531e-01
1.324722468852996826e-01
2.687016725540161133e-01
1.579464197158813477e+00
9.444511681795120239e-02
9.819718450307846069e-02
1.280198335647583008e+00
1.430367082357406616e-01
1.246320009231567383e+00
9.141128510236740112e-02
1.046786904335021973e-01
1.525760173797607422e+00
1.494772732257843018e-01
1.703884303569793701e-01
1.548620015382766724e-01
1.295290887355804443e-01
2.028370201587677002e-01
1.100208237767219543e-01
1.019956097006797791e-01
1.155454516410827637e-01
1.080117821693420410e+00
1.083106324076652527e-01
4.015108346939086914e-01
1.594649553298950195e-01
1.334960013628005981e-01
2.335038185119628906e-01
1.888473480939865112e-01
3.154970705509185791e-01
9.021139144897460938e-02
1.165176555514335632e-01
2.871899306774139404e-01
1.174176931381225586e-01
1.522836089134216309e+00
1.506929546594619751e-01
1.708609312772750854e-01
1.096161723136901855e+00
1.550786048173904419e-01
5.268357992172241211e-01
1.572788059711456299e-01
9.555140137672424316e-02
3.972949981689453125e-01
1.110047817230224609e+00
1.432956576347351074e+00
1.428613960742950439e-01
4.507198631763458252e-01
1.208195090293884277e-01
3.148137032985687256e-01
1.421718358993530273e+00
1.307907819747924805e+00
1.622818410396575928e-01
1.134271472692489624e-01
1.206578016281127930e+00
1.207906365394592285e+00
2.914522886276245117e-01
2.713164687156677246e-01
9.805752038955688477e-01
9.611010551452636719e-01
1.326531648635864258e+00
1.248592138290405273e+00
1.081299543380737305e+00
3.252582550048828125e-01
4.280721247196197510e-01
2.115835428237915039e+00
2.856984436511993408e-01
1.158036887645721436e-01
3.125152885913848877e-01
1.442363619804382324e+00
1.435264348983764648e+00
3.287773132324218750e-01
2.117028236389160156e+00
1.098197773098945618e-01
8.683085441589355469e-02
9.439668804407119751e-02
8.876417279243469238e-01
2.469203710556030273e+00
8.779444545507431030e-02
8.565028756856918335e-02
1.066968068480491638e-01
1.146142035722732544e-01
3.907902240753173828e-01
3.891218602657318115e-01
1.688972860574722290e-01
3.647581338882446289e-01
8.567661046981811523e-02
1.991333663463592529e-01
1.814969778060913086e-01
1.216255202889442444e-01
1.121496260166168213e-01
2.662802338600158691e-01
2.866805791854858398e-01
2.326775938272476196e-01
1.904889047145843506e-01
2.414747774600982666e-01
1.027614951133728027e+00
3.055026233196258545e-01
2.027630209922790527e-01
1.405606269836425781e+00
3.593470752239227295e-01
1.869849562644958496e-01
2.164654731750488281e-01
2.437970936298370361e-01
2.461295276880264282e-01
1.779086291790008545e-01
4.849840402603149414e-01
2.843060493469238281e-01
3.115169107913970947e-01
1.214487776160240173e-01
1.490785330533981323e-01
3.727824985980987549e-01
2.964559495449066162e-01
3.451310992240905762e-01
2.917270362377166748e-01
9.736903011798858643e-02
1.264373362064361572e-01
1.370415687561035156e-01
3.124040365219116211e-01
1.014556661248207092e-01
3.415996432304382324e-01
3.051826953887939453e-01
2.898254990577697754e-01
9.054896235466003418e-02
2.702299356460571289e-01
1.241307854652404785e-01
1.656794250011444092e-01
1.364355683326721191e-01
1.506829708814620972e-01
1.509601026773452759e-01
5.345589518547058105e-01
1.521789878606796265e-01
3.078439235687255859e-01
1.388217806816101074e-01
1.315203160047531128e-01
1.493632644414901733e-01
1.436487585306167603e-01
3.786107599735260010e-01
3.435359001159667969e-01
3.151847124099731445e-01
3.618665933609008789e-01
4.014795422554016113e-01
1.029357165098190308e-01
2.499992400407791138e-01
1.637292504310607910e-01
1.420242190361022949e+00
1.316675424575805664e+00
8.541856706142425537e-02
4.570267498493194580e-01
1.334300339221954346e-01
5.853185057640075684e-01
1.083609104156494141e+00
7.649043202400207520e-01
1.496842205524444580e-01
2.491210252046585083e-01
1.052374839782714844e-01
5.377987027168273926e-01
1.014034226536750793e-01
1.623130589723587036e-01
1.730045825242996216e-01
9.866075217723846436e-02
1.143538475036621094e+00
1.584705412387847900e-01
6.083508133888244629e-01
1.340052783489227295e-01
1.021285504102706909e-01
9.511244297027587891e-02
1.124720051884651184e-01
1.529977321624755859e-01
1.103246569633483887e+00
1.167934015393257141e-01
7.576897740364074707e-01
1.366692036390304565e-01
1.019682288169860840e-01
5.939911007881164551e-01
4.572097361087799072e-01
1.247684508562088013e-01
6.543406844139099121e-01
1.440163552761077881e-01
1.244072794914245605e+00
1.351086646318435669e-01
1.343128919601440430e+00
3.753097057342529297e-01
1.194542646408081055e-01
2.861875593662261963e-01
2.202773243188858032e-01
1.904117763042449951e-01
3.672567903995513916e-01
3.627630472183227539e-01
1.205473542213439941e+00
1.432121753692626953e+00
3.120942115783691406e-01
8.311982452869415283e-02
9.184377193450927734e-01
1.337792724370956421e-01
1.328117847442626953e+00
1.118129849433898926e+00
1.984365582466125488e-01
1.145110055804252625e-01
1.685868799686431885e-01
4.143822193145751953e-01
1.157719492912292480e+00
3.458500206470489502e-01
3.353400528430938721e-01
1.206849664449691772e-01
1.605374455451965332e+00
7.963549345731735229e-02
2.099283039569854736e-01
1.214405968785285950e-01
7.993237674236297607e-02
1.538588702678680420e-01
4.574147760868072510e-01
1.512177437543869019e-01
2.566428184509277344e-01
8.312944322824478149e-02
1.713996529579162598e-01
1.095078229904174805e+00
1.159795224666595459e-01
9.582363814115524292e-02
1.573424935340881348e+00
1.797057837247848511e-01
1.411571979522705078e+00
1.052091121673583984e+00
9.438476711511611938e-02
1.057662844657897949e+00
1.209796667098999023e+00
1.166003867983818054e-01
3.275190293788909912e-01
2.418355792760848999e-01
1.524943709373474121e-01
3.083867430686950684e-01
1.096877232193946838e-01
1.486478447914123535e+00
2.435164451599121094e+00
1.940208077430725098e-01
1.210617795586585999e-01
1.142106771469116211e+00
1.143226847052574158e-01
2.172617763280868530e-01
5.946464538574218750e-01
7.427289485931396484e-01
1.031031459569931030e-01
6.136119961738586426e-01
2.273114770650863647e-01
5.922568440437316895e-01
1.200581789016723633e-01
4.434001445770263672e-01
9.709422290325164795e-02
9.446135908365249634e-02
8.929017931222915649e-02
1.432299464941024780e-01
9.805035591125488281e-02
1.390074044466018677e-01
3.464980721473693848e-01
7.080526351928710938e-01
6.413558125495910645e-01
3.388446867465972900e-01
4.028171300888061523e-01
9.566860646009445190e-02
3.497472703456878662e-01
1.591247618198394775e-01
5.930107831954956055e-01
2.117475718259811401e-01
1.029073119163513184e+00
1.782247871160507202e-01
2.177841514348983765e-01
2.161897122859954834e-01
5.433321595191955566e-01
3.687919080257415771e-01
1.140204817056655884e-01
3.091266453266143799e-01
2.248507738113403320e-01
1.629213690757751465e-01
1.299975216388702393e-01
9.109536558389663696e-02
2.370570898056030273e-01
1.304800152778625488e+00
1.295784115791320801e-01
3.612834513187408447e-01
1.592733561992645264e-01
1.642129868268966675e-01
2.899235785007476807e-01
9.776322543621063232e-02
1.141870260238647461e+00
1.269658356904983521e-01
2.323567420244216919e-01
1.035869836807250977e+00
9.461637586355209351e-02
1.237790361046791077e-01
9.867296218872070312e-01
8.237522840499877930e-01
1.319125145673751831e-01
1.185323372483253479e-01
9.593077003955841064e-02
6.473903656005859375e-01
5.668929219245910645e-01
9.918505698442459106e-02
9.856748580932617188e-02
8.491387963294982910e-01
1.922213882207870483e-01
9.169152975082397461e-01
1.853680759668350220e-01
6.869308352470397949e-01
9.024438261985778809e-01
1.982510983943939209e-01
2.055682241916656494e-01
7.831630706787109375e-01
9.704498946666717529e-02
1.685049384832382202e-01
1.564794629812240601e-01
1.226082891225814819e-01
2.346036911010742188e+00
1.537987887859344482e-01
9.821327328681945801e-01
2.316607832908630371e-01
2.125249505043029785e-01
2.305321842432022095e-01
1.171070188283920288e-01
1.245819777250289917e-01
1.296808421611785889e-01
1.598930954933166504e-01
1.560354232788085938e-01
1.324625462293624878e-01
1.688431799411773682e-01
1.383662223815917969e+00
2.377744168043136597e-01
2.245484143495559692e-01
1.823355108499526978e-01
2.266131192445755005e-01
1.246416926383972168e+00
9.416120648384094238e-01
1.076597452163696289e+00
1.080374121665954590e+00
1.119591966271400452e-01
1.492807388305664062e+00
1.098593354225158691e+00
1.670767962932586670e-01
1.004904866218566895e+00
8.107003569602966309e-02
1.049420595169067383e+00
8.499141037464141846e-02
9.516461938619613647e-02
1.317386746406555176e+00
1.033503934741020203e-01
1.327841520309448242e+00
1.185431852936744690e-01
1.094024300575256348e+00
1.118789672851562500e+00
8.611066639423370361e-02
1.382618695497512817e-01
8.761222660541534424e-02
1.254608184099197388e-01
1.017053127288818359e+00
2.396948337554931641e-01
3.505565226078033447e-01
2.784704208374023438e+00
1.108831018209457397e-01
1.046526208519935608e-01
4.908737242221832275e-01
5.067327022552490234e-01
2.742089033126831055e+00
1.464340537786483765e-01
2.789089441299438477e+00
3.061026036739349365e-01
9.564802646636962891e-01
1.048921272158622742e-01
2.472081184387207031e+00
4.845146536827087402e-01
2.546857357025146484e+00
2.584482192993164062e+00
2.913867950439453125e+00
8.937748521566390991e-02
1.079039573669433594e+00
1.010301709175109863e-01
3.130932807922363281e+00
2.814860343933105469e+00
1.997346431016921997e-01
2.927878141403198242e+00
8.881996572017669678e-02
9.662996232509613037e-02
1.011337712407112122e-01
4.812120795249938965e-01
1.301850914955139160e+00
8.848804980516433716e-02
2.271877527236938477e-01
1.959039717912673950e-01
2.278549224138259888e-01
2.205678224563598633e-01
2.377419471740722656e+00
2.494573831558227539e+00
2.918644428253173828e+00
8.307973295450210571e-02
9.007772058248519897e-02
9.157488942146301270e-01
8.369988203048706055e-02
1.048718392848968506e-01
2.302034199237823486e-01
2.880678653717041016e+00
1.097547709941864014e-01
1.212670952081680298e-01
3.045595169067382812e+00
1.034383922815322876e-01
8.456359803676605225e-02
3.042907714843750000e+00
2.787984311580657959e-01
7.526146620512008667e-02
8.687952905893325806e-02
1.159238517284393311e-01
3.125129222869873047e+00
2.963361024856567383e+00
3.206806421279907227e+00
3.173242807388305664e+00
3.026816606521606445e+00
1.932212710380554199e-01
2.323080748319625854e-01
8.023693412542343140e-02
2.785136103630065918e-01
1.309611320495605469e+00
1.273716688156127930e+00
1.544755101203918457e-01
9.179646521806716919e-02
8.349735289812088013e-02
2.810771703720092773e+00
8.802470564842224121e-02
2.178736776113510132e-01
2.889021158218383789e+00
2.964006662368774414e+00
1.246123790740966797e+00
1.625783145427703857e-01
7.089119404554367065e-02
1.818244606256484985e-01
1.182700991630554199e+00
9.494234323501586914e-01
3.087296724319458008e+00
7.665929198265075684e-02
2.924447059631347656e+00
2.450600862503051758e+00
1.006940007209777832e+00
3.126954317092895508e+00
2.693365812301635742e-01
8.442613482475280762e-02
1.111237645149230957e+00
9.211155772209167480e-01
9.495682120323181152e-01
3.009684324264526367e+00
1.318941861391067505e-01
2.301649808883666992e+00
2.129250019788742065e-01
7.576255500316619873e-02
7.613218575716018677e-02
3.005747556686401367e+00
6.399576365947723389e-02
2.950956583023071289e+00
3.237218141555786133e+00
7.303255796432495117e-02
9.596952795982360840e-01
1.314653903245925903e-01
1.267560273408889771e-01
2.360661923885345459e-01
2.365537583827972412e-01
3.132223367691040039e+00
1.298937916755676270e+00
3.478696107864379883e+00
3.975762844085693359e+00
4.391940116882324219e+00
2.963519573211669922e+00
1.300593912601470947e-01
1.189916610717773438e+00
1.505124717950820923e-01
4.813392162322998047e+00
1.220412254333496094e-01
1.499672979116439819e-01
3.962964773178100586e+00
3.261816263198852539e+00
3.166965723037719727e+00
1.745449006557464600e-01
2.530395090579986572e-01
3.010782003402709961e+00
4.382413864135742188e+00
4.742813587188720703e+00
7.691668719053268433e-02
4.805837154388427734e+00
4.312714576721191406e+00
1.372449249029159546e-01
7.965084165334701538e-02
1.342433393001556396e-01
1.276806890964508057e-01
2.995393753051757812e+00
7.546097040176391602e-02
1.204010695219039917e-01
1.318524181842803955e-01
3.057217121124267578e+00
3.061159133911132812e+00
3.045003890991210938e+00
9.097544103860855103e-02
1.262749433517456055e+00
1.393009424209594727e-01
1.047946959733963013e-01
1.502050459384918213e-01
1.158387422561645508e+00
1.175909265875816345e-01
4.664005756378173828e+00
2.408499717712402344e-01
3.499410748481750488e-01
4.681928157806396484e+00
2.033329248428344727e+00
5.112397193908691406e+00
1.139116808772087097e-01
5.148020744323730469e+00
1.429436355829238892e-01
3.842480897903442383e+00
7.741283625364303589e-02
1.698856055736541748e-01
1.745020300149917603e-01
4.709304809570312500e+00
8.971714973449707031e-02
1.062781289219856262e-01
4.623001575469970703e+00
1.149326488375663757e-01
1.091187447309494019e-01
1.087124794721603394e-01
1.046327799558639526e-01
1.062951683998107910e-01
1.072333008050918579e-01
4.096386432647705078e+00
9.613287448883056641e-02
1.308093816041946411e-01
2.896371603012084961e+00
4.605991363525390625e+00
3.751947879791259766e+00
2.335190474987030029e-01
1.131877526640892029e-01
1.005993485450744629e-01
1.858501881361007690e-01
9.025659412145614624e-02
1.180359050631523132e-01
1.259230375289916992e-01
1.213732063770294189e-01
1.219712123274803162e-01
1.137200295925140381e-01
1.546913087368011475e-01
1.166367307305335999e-01
1.647747755050659180e-01
8.559951186180114746e-02
1.829764366149902344e+00
1.078514695167541504e+00
1.256130039691925049e-01
8.119514584541320801e-02
2.779611647129058838e-01
1.647033989429473877e-01
2.518938183784484863e-01
1.592935174703598022e-01
1.520438343286514282e-01
1.497107744216918945e-01
2.643035948276519775e-01
1.170233711600303650e-01
1.019020080566406250e-01
9.408126026391983032e-02
9.616964310407638550e-02
1.690092682838439941e-01
1.905940026044845581e-01
1.200029775500297546e-01
2.071741074323654175e-01
1.070157736539840698e-01
1.051317378878593445e-01
1.045159399509429932e-01
9.244807809591293335e-02
1.046135798096656799e-01
9.237112104892730713e-02
8.737954497337341309e-02
1.277410089969635010e-01
1.168222129344940186e-01
1.196599900722503662e-01
1.967838704586029053e-01
1.064122542738914490e-01
1.746542602777481079e-01
1.618894487619400024e-01
1.755518317222595215e-01
1.675070822238922119e-01
1.784465312957763672e-01
9.922014474868774414e-01
1.974756419658660889e-01
1.164320632815361023e-01
1.278673559427261353e-01
1.350304841995239258e+00
1.561717838048934937e-01
1.107411757111549377e-01
1.122285798192024231e-01
1.842619180679321289e-01
1.152300834655761719e-01
1.424314677715301514e-01
1.055314615368843079e-01
1.812453866004943848e-01
1.093902513384819031e-01
1.159527748823165894e-01
1.314075887203216553e-01
1.169127896428108215e-01
1.880795359611511230e-01
1.191150993108749390e-01
1.268175542354583740e-01
1.405621469020843506e-01
1.160052046179771423e-01
1.318627148866653442e-01
1.357628256082534790e-01
1.394823789596557617e-01
1.377249658107757568e-01
1.447545439004898071e-01
2.292273789644241333e-01
2.340704441070556641e+00
3.168544530868530273e+00
1.630986481904983521e-01
2.811724185943603516e+00
2.052296549081802368e-01
1.079418584704399109e-01
1.963704675436019897e-01
