2.356290072202682495e-01
1.331652879714965820e+00
1.764336347579956055e+00
2.802726030349731445e-01
2.519434452056884766e+00
4.529945850372314453e+00
2.992414236068725586e-01
4.114967823028564453e+00
2.962468862533569336e-01
4.613190174102783203e+00
2.906388044357299805e-01
1.662713885307312012e+00
1.607367634773254395e+00
2.929267585277557373e-01
5.964303016662597656e-01
3.818975210189819336e+00
6.514424681663513184e-01
4.159341335296630859e+00
3.874222517013549805e+00
6.083128452301025391e-01
2.076313018798828125e+00
2.381675094366073608e-01
2.680361568927764893e-01
2.899098396301269531e-01
3.463877677917480469e+00
2.353254854679107666e-01
2.838646173477172852e-01
8.146072626113891602e-01
2.415610253810882568e-01
2.510500848293304443e-01
7.636002302169799805e-01
2.207035571336746216e-01
6.865037083625793457e-01
8.277216553688049316e-01
2.219283431768417358e-01
9.149321317672729492e-01
2.068057507276535034e-01
2.992017269134521484e+00
2.513128817081451416e-01
2.062427759170532227e+00
2.433453321456909180e+00
7.565795779228210449e-01
9.510868787765502930e-01
2.478662490844726562e+00
1.312273859977722168e+00
7.668594121932983398e-01
6.753628849983215332e-01
7.146318554878234863e-01
2.307708561420440674e-01
6.980887651443481445e-01
2.858250379562377930e+00
6.936151385307312012e-01
3.075160264968872070e+00
2.930578708648681641e+00
2.796940803527832031e+00
7.919675707817077637e-01
8.670099377632141113e-01
7.791178822517395020e-01
3.005178928375244141e+00
1.169549345970153809e+00
1.008786082267761230e+00
6.970046758651733398e-01
2.704715013504028320e+00
2.506506443023681641e-01
2.510731518268585205e-01
7.462927103042602539e-01
1.918473243713378906e+00
8.033849000930786133e-01
6.974344849586486816e-01
3.123311996459960938e+00
2.464955598115921021e-01
2.516247332096099854e-01
7.932735681533813477e-01
8.548023104667663574e-01
1.312961935997009277e+00
7.287608981132507324e-01
6.947393417358398438e-01
3.087159395217895508e+00
2.449108958244323730e-01
8.610929250717163086e-01
1.988430619239807129e+00
2.183246612548828125e-01
2.469234615564346313e-01
2.691709280014038086e+00
2.879143476486206055e+00
2.933574676513671875e+00
1.091677546501159668e+00
2.510211467742919922e+00
3.023289918899536133e+00
2.746438026428222656e+00
8.201753497123718262e-01
2.526515245437622070e+00
6.486447453498840332e-01
8.941913843154907227e-01
8.505766987800598145e-01
9.356061220169067383e-01
7.367351651191711426e-01
8.859105110168457031e-01
2.483161687850952148e+00
2.686990261077880859e+00
2.831464529037475586e+00
2.640825510025024414e+00
1.381528258323669434e+00
2.711164951324462891e+00
7.063724398612976074e-01
2.707187414169311523e+00
2.302314043045043945e+00
1.055453419685363770e+00
2.892660140991210938e+00
6.167734265327453613e-01
2.707519531250000000e+00
1.057298779487609863e+00
1.178802490234375000e+00
8.652555346488952637e-01
1.078079938888549805e+00
4.778267741203308105e-01
2.888316869735717773e+00
9.009097218513488770e-01
2.472184658050537109e+00
2.715664386749267578e+00
2.825195312500000000e+00
2.335611343383789062e+00
1.393947362899780273e+00
2.350537061691284180e+00
2.414433479309082031e+00
2.604834318161010742e+00
6.848834156990051270e-01
7.739118337631225586e-01
7.904122471809387207e-01
1.195155262947082520e+00
2.293502569198608398e+00
2.608520984649658203e+00
3.022073984146118164e+00
2.759579658508300781e+00
2.634421348571777344e+00
2.414960712194442749e-01
5.455449223518371582e-01
1.386076092720031738e+00
2.509943485260009766e+00
1.594778001308441162e-01
2.522326469421386719e+00
1.072686910629272461e+00
3.054343700408935547e+00
2.200464248657226562e+00
2.929621934890747070e+00
1.173851013183593750e+00
2.055445194244384766e+00
2.160356044769287109e+00
2.453622817993164062e+00
2.073440313339233398e+00
2.381434142589569092e-01
1.312983036041259766e-01
3.420022726058959961e-01
1.427031159400939941e-01
2.619027853012084961e+00
3.491850495338439941e-01
3.165613651275634766e+00
3.844002723693847656e+00
2.058299541473388672e+00
5.074434280395507812e-01
3.166992425918579102e+00
3.097439527511596680e+00
1.875947237014770508e+00
1.860355377197265625e+00
2.046424388885498047e+00
3.691853046417236328e+00
2.167107015848159790e-01
3.494990110397338867e+00
2.322691082954406738e-01
2.348837107419967651e-01
4.105369567871093750e+00
3.378850221633911133e+00
1.404582262039184570e+00
4.115856647491455078e+00
4.377486705780029297e+00
4.975186824798583984e+00
2.417168021202087402e-01
2.403510212898254395e-01
2.241391986608505249e-01
3.998789548873901367e+00
2.446991056203842163e-01
2.545892477035522461e+00
4.086622714996337891e+00
2.836056709289550781e+00
3.590839624404907227e+00
2.455523312091827393e-01
2.576932907104492188e+00
1.244705915451049805e+00
9.975925683975219727e-01
1.128508210182189941e+00
2.482135444879531860e-01
1.891942381858825684e+00
2.690340578556060791e-01
9.023285508155822754e-01
2.195419967174530029e-01
1.441221475601196289e+00
1.651918649673461914e+00
2.487786263227462769e-01
2.812423229217529297e+00
2.367660999298095703e-01
1.228628873825073242e+00
4.175980687141418457e-01
4.086396992206573486e-01
3.706499338150024414e-01
1.087357878684997559e+00
3.883191585540771484e+00
4.758252620697021484e+00
1.471037387847900391e+00
2.210899442434310913e-01
5.112072944641113281e+00
2.234810441732406616e-01
2.333198785781860352e-01
3.267220258712768555e+00
2.965091466903686523e+00
3.764172077178955078e+00
2.041677087545394897e-01
3.726931810379028320e+00
2.219083607196807861e-01
2.535918712615966797e+00
2.731710195541381836e+00
2.986356496810913086e+00
2.305482178926467896e-01
3.281967401504516602e+00
2.298585623502731323e-01
2.253447771072387695e-01
2.108269482851028442e-01
4.764074325561523438e+00
4.932185411453247070e-01
4.200010895729064941e-01
1.700766205787658691e+00
1.448638677597045898e+00
4.573799610137939453e+00
1.722638130187988281e+00
3.192744731903076172e+00
3.519793510437011719e+00
2.207325696945190430e-01
3.831279277801513672e+00
1.200349807739257812e+00
3.979931116104125977e+00
3.942629098892211914e+00
3.419184207916259766e+00
3.958127975463867188e+00
3.335510253906250000e+00
9.813541173934936523e-01
3.533596038818359375e+00
8.613591194152832031e-01
2.165577888488769531e+00
2.043161988258361816e-01
3.208028376102447510e-01
3.676655530929565430e+00
3.500306844711303711e+00
3.481214046478271484e+00
4.192388057708740234e+00
4.245203971862792969e+00
3.642955780029296875e+00
3.659755468368530273e+00
3.906796455383300781e+00
3.388990163803100586e+00
2.775330245494842529e-01
3.372679948806762695e+00
3.471932411193847656e+00
2.186363935470581055e-01
2.980845272541046143e-01
4.223502159118652344e+00
2.184545397758483887e-01
4.790605545043945312e+00
3.769190788269042969e+00
4.403930664062500000e+00
4.428401947021484375e+00
4.766466617584228516e+00
3.145240306854248047e+00
1.854540705680847168e-01
1.887398809194564819e-01
2.486622810363769531e+00
4.454993724822998047e+00
2.358725368976593018e-01
2.693892955780029297e+00
4.684553623199462891e+00
2.343518882989883423e-01
4.700079917907714844e+00
3.037780284881591797e+00
1.546473205089569092e-01
2.873607873916625977e-01
1.917761445045471191e+00
3.154272794723510742e+00
1.571705788373947144e-01
4.730105876922607422e+00
1.384454965591430664e+00
2.369648069143295288e-01
3.262188911437988281e+00
4.876087188720703125e+00
4.703864097595214844e+00
2.273387014865875244e-01
2.959263086318969727e+00
1.538816809654235840e+00
2.918779373168945312e+00
4.540738105773925781e+00
2.204105854034423828e-01
1.045205950736999512e+00
3.142477750778198242e+00
3.207333564758300781e+00
3.144191741943359375e+00
2.275856435298919678e-01
2.941905260086059570e-01
3.356483936309814453e+00
2.222508490085601807e-01
1.826390177011489868e-01
2.985816717147827148e+00
3.296318054199218750e+00
3.308722257614135742e+00
3.191242456436157227e+00
1.168728709220886230e+00
3.157005310058593750e+00
1.580499172210693359e+00
2.262790054082870483e-01
3.149396419525146484e+00
3.072332143783569336e-01
2.894063711166381836e+00
2.314852476119995117e-01
1.313476324081420898e+00
3.223934888839721680e+00
3.096461534500122070e+00
2.358354479074478149e-01
2.976592063903808594e+00
3.012234687805175781e+00
2.417023628950119019e-01
3.142549037933349609e+00
2.261925786733627319e-01
3.128768682479858398e+00
2.634401917457580566e-01
2.995991468429565430e+00
2.221093624830245972e-01
2.343825995922088623e-01
2.287785261869430542e-01
2.323682904243469238e-01
2.232981324195861816e-01
2.442637830972671509e-01
4.587186872959136963e-01
3.160001516342163086e+00
3.060287952423095703e+00
3.125130414962768555e+00
2.663875222206115723e-01
2.719033062458038330e-01
2.400585412979125977e-01
5.111805200576782227e-01
2.428030967712402344e-01
2.503025531768798828e-01
3.057536780834197998e-01
2.165957987308502197e-01
3.002213954925537109e+00
2.492477148771286011e-01
1.878463029861450195e-01
3.785300016403198242e+00
2.227276116609573364e-01
2.812123596668243408e-01
2.382496595382690430e-01
3.102141380310058594e+00
3.130952119827270508e+00
2.403831481933593750e-01
1.787296235561370850e-01
3.250427544116973877e-01
1.609879285097122192e-01
2.358028590679168701e-01
3.114748954772949219e+00
2.662239372730255127e-01
2.224290370941162109e-01
2.950727939605712891e-01
2.954363226890563965e-01
3.036078512668609619e-01
2.305313199758529663e-01
2.388781458139419556e-01
2.906225204467773438e+00
2.436874657869338989e-01
2.972994327545166016e+00
2.458943724632263184e-01
3.098114490509033203e+00
2.214799821376800537e-01
3.151643037796020508e+00
5.428230166435241699e-01
2.427029907703399658e-01
3.114651441574096680e+00
2.357980161905288696e-01
3.075354576110839844e+00
3.139805555343627930e+00
2.329936474561691284e-01
3.094476699829101562e+00
2.413088381290435791e-01
2.214151769876480103e-01
5.949223041534423828e-01
2.886273622512817383e+00
2.346461415290832520e-01
2.225067019462585449e-01
6.582646369934082031e-01
1.504572182893753052e-01
3.054090261459350586e+00
2.962265253067016602e+00
3.767141699790954590e-01
2.178406566381454468e-01
2.485884577035903931e-01
2.226710468530654907e-01
2.696272134780883789e+00
2.317497134208679199e-01
2.537972927093505859e+00
3.007412195205688477e+00
2.289537787437438965e-01
2.927356004714965820e+00
3.078599572181701660e-01
3.026962041854858398e+00
2.315285652875900269e-01
2.402915656566619873e-01
2.293089032173156738e-01
2.960294485092163086e+00
4.298547804355621338e-01
5.268573760986328125e-01
2.947578907012939453e+00
2.814674615859985352e+00
2.817123174667358398e+00
3.666676580905914307e-01
3.065057992935180664e-01
3.319809436798095703e-01
3.108492136001586914e+00
2.149390578269958496e-01
3.023891210556030273e+00
3.624542355537414551e-01
3.014900207519531250e+00
5.260687470436096191e-01
4.868258535861968994e-01
5.635630488395690918e-01
2.945370197296142578e+00
4.592134952545166016e-01
2.828896999359130859e+00
6.106960773468017578e-01
2.631573915481567383e+00
5.039211511611938477e-01
7.391020059585571289e-01
2.975377082824707031e+00
8.074944019317626953e-01
2.040179520845413208e-01
2.947672367095947266e+00
2.232222706079483032e-01
9.483008980751037598e-01
2.774847030639648438e+00
1.671299636363983154e-01
2.853770256042480469e+00
2.914076089859008789e+00
2.867336750030517578e+00
8.720148801803588867e-01
7.453879714012145996e-01
8.374540805816650391e-01
6.430802345275878906e-01
2.766186952590942383e+00
1.392743140459060669e-01
8.435727953910827637e-01
2.905637502670288086e+00
3.022524833679199219e+00
9.667916893959045410e-01
7.168205380439758301e-01
8.767404556274414062e-01
2.745768547058105469e+00
8.089615106582641602e-01
3.019260764122009277e-01
9.363505840301513672e-01
7.467238903045654297e-01
7.644203901290893555e-01
3.031724691390991211e+00
1.792746931314468384e-01
8.192771077156066895e-01
8.671712279319763184e-01
3.139600038528442383e+00
9.190141558647155762e-01
2.875164985656738281e+00
2.148360759019851685e-01
2.561684846878051758e-01
1.400848925113677979e-01
2.161367535591125488e-01
1.858893632888793945e-01
9.808439612388610840e-01
2.551965117454528809e-01
2.033848464488983154e-01
2.226147949695587158e-01
2.115208953619003296e-01
2.873045921325683594e+00
2.904895544052124023e+00
2.036642283201217651e-01
3.482850193977355957e-01
3.587025701999664307e-01
2.972336053848266602e+00
2.403320819139480591e-01
3.585153520107269287e-01
2.002653479576110840e-01
3.090474605560302734e-01
3.071243047714233398e+00
6.498332619667053223e-01
8.111057281494140625e-01
2.732162773609161377e-01
2.834595203399658203e+00
2.781146526336669922e+00
2.925305604934692383e+00
2.517520189285278320e-01
2.188440799713134766e+00
8.891655206680297852e-01
9.916886091232299805e-01
3.073474884033203125e+00
2.133624553680419922e+00
1.906827688217163086e-01
2.197196334600448608e-01
8.224777579307556152e-01
2.036422252655029297e+00
1.035042285919189453e+00
3.042925596237182617e-01
2.193543434143066406e+00
4.266219139099121094e-01
2.077030420303344727e+00
5.428942441940307617e-01
1.776226907968521118e-01
2.635192155838012695e+00
1.939327716827392578e+00
2.032074689865112305e+00
2.292504072189331055e+00
4.141197204589843750e-01
2.369417697191238403e-01
2.100769996643066406e+00
2.814452946186065674e-01
2.729033529758453369e-01
2.136250734329223633e+00
2.372873127460479736e-01
2.837035655975341797e+00
2.377525329589843750e+00
1.780260443687438965e+00
2.154372692108154297e+00
2.206857204437255859e+00
1.929297447204589844e+00
2.082643985748291016e+00
2.101483583450317383e+00
2.328912973403930664e+00
3.752952516078948975e-01
1.978209465742111206e-01
3.219579756259918213e-01
1.980785369873046875e+00
2.347931861877441406e+00
1.160077691078186035e+00
2.166036128997802734e+00
2.943865060806274414e+00
1.989626288414001465e+00
2.132007122039794922e+00
2.241877794265747070e+00
3.176979124546051025e-01
2.947571516036987305e+00
2.846378982067108154e-01
2.948698282241821289e+00
4.333825707435607910e-01
2.784674167633056641e-01
2.591612935066223145e-01
1.444559544324874878e-01
3.016586065292358398e+00
1.670759558677673340e+00
1.580473333597183228e-01
1.492152094841003418e+00
3.129264116287231445e+00
1.756265521049499512e+00
1.924023628234863281e-01
1.690027952194213867e+00
1.816141903400421143e-01
1.658400654792785645e+00
2.952034950256347656e+00
2.968783378601074219e+00
1.632053107023239136e-01
2.254107594490051270e-01
1.767074108123779297e+00
1.505461782217025757e-01
1.718771696090698242e+00
2.767345607280731201e-01
2.340859323740005493e-01
2.224016785621643066e-01
2.418539673089981079e-01
3.152270019054412842e-01
2.754810571670532227e+00
3.208554983139038086e-01
1.956095993518829346e-01
2.720797061920166016e-01
1.925056725740432739e-01
2.865741729736328125e+00
2.564112544059753418e-01
2.694426774978637695e+00
2.889222860336303711e+00
1.817630976438522339e-01
2.254152894020080566e-01
1.921242177486419678e-01
1.036968946456909180e+00
2.899783611297607422e+00
2.708586454391479492e+00
2.874356985092163086e+00
3.053999185562133789e+00
1.935567557811737061e-01
1.572439432144165039e+00
2.136916816234588623e-01
2.944552183151245117e+00
2.848910570144653320e+00
2.863577842712402344e+00
2.342573702335357666e-01
2.513440549373626709e-01
1.898247897624969482e-01
2.766837835311889648e+00
1.775827258825302124e-01
1.569766551256179810e-01
2.938910484313964844e+00
2.862567663192749023e+00
2.182544171810150146e-01
6.987916231155395508e-01
2.184198945760726929e-01
2.979848623275756836e+00
2.944735050201416016e+00
3.062019348144531250e+00
1.785043478012084961e-01
1.995320916175842285e-01
2.012650370597839355e-01
1.385049819946289062e-01
1.809419691562652588e-01
1.870269924402236938e-01
1.850399523973464966e-01
4.992175698280334473e-01
2.235094755887985229e-01
2.042105644941329956e-01
2.123061418533325195e-01
1.421579420566558838e-01
1.847963333129882812e-01
2.224749028682708740e-01
1.526671797037124634e-01
2.302506566047668457e-01
1.688393801450729370e-01
3.430016338825225830e-01
1.402433514595031738e-01
1.341914981603622437e-01
1.595799922943115234e-01
2.286886572837829590e-01
1.600484549999237061e-01
1.785661131143569946e-01
2.496356070041656494e-01
1.369976401329040527e-01
1.422069370746612549e-01
7.159138321876525879e-01
1.498490422964096069e-01
2.837086200714111328e+00
2.604008913040161133e+00
2.949707746505737305e+00
6.142947077751159668e-01
3.635731637477874756e-01
1.906050741672515869e-01
2.103112339973449707e-01
4.172921776771545410e-01
2.156128585338592529e-01
7.341731786727905273e-01
3.024416565895080566e-01
2.185994237661361694e-01
2.409509718418121338e-01
3.943076729774475098e-01
2.961589574813842773e+00
1.732168942689895630e-01
1.879728883504867554e-01
1.950926184654235840e-01
1.829857975244522095e-01
1.919776797294616699e-01
2.092368751764297485e-01
1.808595955371856689e-01
1.918577253818511963e-01
2.883668899536132812e+00
3.007633924484252930e+00
9.680370688438415527e-01
3.087192773818969727e+00
2.298889756202697754e-01
1.966580301523208618e-01
1.921002864837646484e-01
3.032827615737915039e+00
2.191919684410095215e-01
1.707486212253570557e-01
2.172415852546691895e-01
2.763766050338745117e+00
2.450521439313888550e-01
2.489282637834548950e-01
1.395588517189025879e+00
1.426227986812591553e-01
1.503206044435501099e-01
2.986045360565185547e+00
1.492329537868499756e-01
2.886255979537963867e+00
2.695629894733428955e-01
2.867126226425170898e+00
2.171257734298706055e-01
6.851719617843627930e-01
2.140611857175827026e-01
1.862505674362182617e-01
2.603181600570678711e-01
2.037955075502395630e-01
1.584104001522064209e-01
5.383085608482360840e-01
1.472890973091125488e-01
2.108155786991119385e-01
2.873927593231201172e+00
2.879648685455322266e+00
7.172977924346923828e-01
1.967838555574417114e-01
1.715777397155761719e+00
1.979711949825286865e-01
2.711669504642486572e-01
1.076664328575134277e+00
1.965054571628570557e-01
2.412874400615692139e-01
2.338261306285858154e-01
1.687718033790588379e-01
1.999706476926803589e-01
2.356745004653930664e-01
1.936433911323547363e-01
1.417548418045043945e+00
2.500739991664886475e-01
2.422346621751785278e-01
2.972056865692138672e-01
2.263989448547363281e-01
1.890705227851867676e-01
1.488903909921646118e-01
1.511296033859252930e-01
1.509028077125549316e-01
2.245265543460845947e-01
1.605772376060485840e-01
2.286621183156967163e-01
1.712768077850341797e-01
2.880373716354370117e+00
2.529102861881256104e-01
1.602826714515686035e-01
1.549307703971862793e-01
1.487767696380615234e-01
2.369849383831024170e-01
2.739840030670166016e+00
2.320383042097091675e-01
2.930130958557128906e+00
2.958616971969604492e+00
1.722079068422317505e-01
1.910635977983474731e-01
2.308476567268371582e-01
2.934167861938476562e+00
1.989028006792068481e-01
1.517482101917266846e-01
2.123460471630096436e-01
1.879119575023651123e-01
1.769158393144607544e-01
2.815302848815917969e+00
1.803752183914184570e-01
3.779388368129730225e-01
4.210449755191802979e-01
2.922410488128662109e+00
2.823504447937011719e+00
2.077549993991851807e-01
2.960606813430786133e+00
5.646982789039611816e-01
2.855509042739868164e+00
1.601281166076660156e-01
1.455881595611572266e-01
1.546201556921005249e-01
1.897546947002410889e-01
2.135856598615646362e-01
3.024743795394897461e+00
1.561621874570846558e-01
2.909514904022216797e+00
1.950214654207229614e-01
2.208813279867172241e-01
2.647095024585723877e-01
1.537700891494750977e-01
2.186650037765502930e-01
1.477314829826354980e-01
4.391852021217346191e-01
2.938265323638916016e+00
2.119482904672622681e-01
2.101479619741439819e-01
3.074584722518920898e+00
2.741543054580688477e+00
3.047443389892578125e+00
1.176571100950241089e-01
2.854787826538085938e+00
3.038161993026733398e+00
1.447421014308929443e-01
1.946052014827728271e-01
2.896036624908447266e+00
2.038042992353439331e-01
1.617991179227828979e-01
2.606274485588073730e-01
2.855747461318969727e+00
2.760213851928710938e+00
3.013974189758300781e+00
2.787717342376708984e+00
4.542857408523559570e-01
2.684078454971313477e+00
2.901589632034301758e+00
4.947574734687805176e-01
2.932106494903564453e+00
3.339349627494812012e-01
5.976786613464355469e-01
1.991638690233230591e-01
5.069237947463989258e-01
3.897625505924224854e-01
2.913505077362060547e+00
2.872333824634552002e-01
1.894156038761138916e-01
5.563359856605529785e-01
6.276637911796569824e-01
2.949560880661010742e+00
2.885348081588745117e+00
2.920859336853027344e+00
1.993484348058700562e-01
2.760702848434448242e+00
2.902100086212158203e+00
1.579023301601409912e-01
2.721312761306762695e+00
2.800021171569824219e+00
3.596496880054473877e-01
1.919134855270385742e-01
2.868647575378417969e-01
3.961942195892333984e-01
2.431788593530654907e-01
4.004608690738677979e-01
2.122969478368759155e-01
2.668072700500488281e+00
2.038686722517013550e-01
1.979844421148300171e-01
1.703756749629974365e-01
4.040479660034179688e-01
4.397477507591247559e-01
2.347697019577026367e-01
1.993735134601593018e-01
1.919564455747604370e-01
4.728692173957824707e-01
4.432366788387298584e-01
4.190972745418548584e-01
2.889486312866210938e+00
2.944097995758056641e+00
1.939315199851989746e-01
4.506227076053619385e-01
2.264629602432250977e-01
2.082511931657791138e-01
1.042950153350830078e+00
3.911069929599761963e-01
3.060185015201568604e-01
5.819531083106994629e-01
2.918556928634643555e+00
5.465241074562072754e-01
2.839876413345336914e+00
2.895798206329345703e+00
8.141794204711914062e-01
7.955496907234191895e-01
6.964905261993408203e-01
1.017732858657836914e+00
2.942815303802490234e+00
2.936049222946166992e+00
2.972225904464721680e+00
2.235814332962036133e-01
2.862006664276123047e+00
4.386730492115020752e-01
3.435924053192138672e-01
5.794775485992431641e-01
5.172076821327209473e-01
2.906570196151733398e+00
2.801432609558105469e+00
3.021127939224243164e+00
2.874791860580444336e+00
1.760053038597106934e-01
2.889490842819213867e+00
2.758477210998535156e+00
3.917215764522552490e-01
2.795802652835845947e-01
1.838235557079315186e-01
3.531429469585418701e-01
2.956268548965454102e+00
2.813394308090209961e+00
9.658954143524169922e-01
7.680957913398742676e-01
2.970899581909179688e+00
3.497045338153839111e-01
1.157409310340881348e+00
4.715500771999359131e-01
5.529209971427917480e-01
4.790675044059753418e-01
3.112191259860992432e-01
5.562934279441833496e-01
5.496211051940917969e-01
2.905932188034057617e+00
2.756616473197937012e-01
2.161654233932495117e-01
4.008294641971588135e-01
2.059629261493682861e-01
1.977185726165771484e+00
2.232525825500488281e+00
2.049511671066284180e+00
3.021403551101684570e-01
1.719827800989151001e-01
1.788166612386703491e-01
1.637844443321228027e-01
2.512563169002532959e-01
2.816843688488006592e-01
2.472402155399322510e-01
2.807943344116210938e+00
1.336117535829544067e-01
2.360130250453948975e-01
2.080667316913604736e-01
1.426747441291809082e-01
7.494544386863708496e-01
1.659940928220748901e-01
1.520219892263412476e-01
7.551122903823852539e-01
8.224939703941345215e-01
2.348937988281250000e-01
2.166222035884857178e-01
8.595085144042968750e-01
1.772231459617614746e-01
2.253585606813430786e-01
1.205766350030899048e-01
3.050097227096557617e+00
1.379127651453018188e-01
2.812715053558349609e+00
8.604184389114379883e-01
1.454264968633651733e-01
2.987896919250488281e+00
2.443981617689132690e-01
2.961381196975708008e+00
2.809208154678344727e+00
6.697555184364318848e-01
8.382879495620727539e-01
6.864196062088012695e-01
8.263719081878662109e-01
2.831416606903076172e+00
2.820247411727905273e+00
5.771308541297912598e-01
1.705077588558197021e-01
2.909231424331665039e+00
2.980927705764770508e+00
1.294032335281372070e-01
2.928095817565917969e+00
4.501253962516784668e-01
2.299699783325195312e-01
4.100692570209503174e-01
4.650543332099914551e-01
6.073735356330871582e-01
3.067130088806152344e+00
4.823991954326629639e-01
6.212641596794128418e-01
2.934633731842041016e+00
2.960931062698364258e+00
2.877408504486083984e+00
4.796174466609954834e-01
3.002151966094970703e+00
4.730361104011535645e-01
1.211996316909790039e+00
3.031333208084106445e+00
1.463058888912200928e-01
1.662783771753311157e-01
3.018781840801239014e-01
7.205619215965270996e-01
8.544614911079406738e-01
5.190563201904296875e-01
1.589810699224472046e-01
1.291222095489501953e+00
2.786709547042846680e+00
1.729401051998138428e-01
2.858158111572265625e+00
2.897567033767700195e+00
2.180183231830596924e-01
7.846443653106689453e-01
7.987008690834045410e-01
2.028472721576690674e-01
2.303331047296524048e-01
2.366653382778167725e-01
2.607758939266204834e-01
6.264186501502990723e-01
1.550859361886978149e-01
6.139283180236816406e-01
2.883561372756958008e+00
2.495283782482147217e-01
2.856574535369873047e+00
2.189726680517196655e-01
1.569316685199737549e-01
2.260754704475402832e-01
2.021754831075668335e-01
2.472666651010513306e-01
2.583939731121063232e-01
4.624366164207458496e-01
2.875365257263183594e+00
4.972921609878540039e-01
2.942719221115112305e+00
2.247540503740310669e-01
2.061630636453628540e-01
2.880915164947509766e+00
2.849740266799926758e+00
2.868662834167480469e+00
2.906547307968139648e+00
3.072004795074462891e+00
1.938082724809646606e-01
2.624653339385986328e+00
4.156047105789184570e-01
2.739383578300476074e-01
1.499635279178619385e-01
2.901349961757659912e-01
2.368714511394500732e-01
1.646026670932769775e-01
6.684296727180480957e-01
9.076997041702270508e-01
1.618539690971374512e-01
2.899822711944580078e+00
2.133360385894775391e+00
2.234215140342712402e-01
3.016895294189453125e+00
9.832006692886352539e-01
2.175337821245193481e-01
1.975801438093185425e-01
8.646326661109924316e-01
1.995500475168228149e-01
2.466726303100585938e-01
2.834743738174438477e+00
2.419136166572570801e-01
2.013261020183563232e-01
2.091334462165832520e-01
4.218578636646270752e-01
9.774417281150817871e-01
3.816026449203491211e-01
2.104717493057250977e-01
7.613160610198974609e-01
2.105923742055892944e-01
1.151723384857177734e+00
2.085485011339187622e-01
2.957930564880371094e+00
2.437158107757568359e+00
2.469573020935058594e+00
3.162901699542999268e-01
1.672346144914627075e-01
2.312472015619277954e-01
9.662305116653442383e-01
1.870037466287612915e-01
2.118720412254333496e-01
2.186962962150573730e-01
2.219736337661743164e+00
2.060657739639282227e-01
9.054711461067199707e-01
2.943984270095825195e+00
2.782520651817321777e-01
8.739807009696960449e-01
2.273031234741210938e+00
1.585772156715393066e+00
2.474236786365509033e-01
2.306497842073440552e-01
2.111726999282836914e-01
2.181901335716247559e-01
1.103259086608886719e+00
2.026837170124053955e-01
2.215867936611175537e-01
1.967419683933258057e-01
1.236914873123168945e+00
2.586388289928436279e-01
2.074500322341918945e-01
1.769067049026489258e-01
2.833470821380615234e+00
2.757669687271118164e+00
1.038846135139465332e+00
2.804379224777221680e+00
1.148177832365036011e-01
2.768717050552368164e+00
9.696602821350097656e-01
2.900679588317871094e+00
2.944248199462890625e+00
2.835533618927001953e+00
2.812061071395874023e+00
1.303552240133285522e-01
4.168076992034912109e+00
1.997459083795547485e-01
1.906150132417678833e-01
2.791707038879394531e+00
1.777572333812713623e-01
2.578276395797729492e+00
2.996605336666107178e-01
4.106131792068481445e-01
2.841997623443603516e+00
1.950685083866119385e-01
2.108284980058670044e-01
4.517063498497009277e-01
4.510166347026824951e-01
1.955015361309051514e-01
2.775241851806640625e+00
2.963637590408325195e+00
4.601728618144989014e-01
5.456562042236328125e-01
2.199912965297698975e-01
4.282672703266143799e-01
2.277165204286575317e-01
2.531450390815734863e-01
2.518745958805084229e-01
1.339762508869171143e-01
2.829902768135070801e-01
1.844906955957412720e-01
2.776443719863891602e+00
1.456675380468368530e-01
2.142561525106430054e-01
1.969051063060760498e-01
1.835048049688339233e-01
1.432789117097854614e-01
2.241623699665069580e-01
2.167341113090515137e-01
4.759984970092773438e+00
2.972872734069824219e+00
2.584426403045654297e-01
1.976337283849716187e-01
2.726205825805664062e+00
2.988831520080566406e+00
4.610775411128997803e-01
1.357282102108001709e-01
1.769338995218276978e-01
1.869994848966598511e-01
1.854653656482696533e-01
2.196676015853881836e+00
4.553779602050781250e+00
1.815260499715805054e-01
2.204212695360183716e-01
1.849298477172851562e-01
4.857067108154296875e+00
3.558943271636962891e-01
1.568042486906051636e-01
2.382170677185058594e+00
2.730507612228393555e+00
2.421504735946655273e+00
1.859616190195083618e-01
5.555604457855224609e+00
1.635481566190719604e-01
2.260533571243286133e-01
5.069350719451904297e+00
5.391102313995361328e+00
5.293663501739501953e+00
5.499359607696533203e+00
1.631641387939453125e+00
1.696010231971740723e-01
1.701267510652542114e-01
2.207089811563491821e-01
4.745427131652832031e+00
6.799748539924621582e-01
5.107088565826416016e+00
1.435903012752532959e-01
5.174038410186767578e+00
5.375130176544189453e+00
2.167294472455978394e-01
1.708239912986755371e-01
5.775020718574523926e-01
1.518896669149398804e-01
8.486243486404418945e-01
7.436373233795166016e-01
5.423123359680175781e+00
1.481943130493164062e-01
1.712434142827987671e-01
4.803671360015869141e+00
4.999786853790283203e+00
5.552771091461181641e+00
5.376663208007812500e+00
2.147548675537109375e+00
1.691883206367492676e-01
3.619407653808593750e+00
2.601943492889404297e+00
1.657808125019073486e-01
3.341567993164062500e+00
4.015413284301757812e+00
1.656256914138793945e-01
9.092208147048950195e-01
1.780268907546997070e+00
3.522290945053100586e+00
1.700632274150848389e-01
1.737795621156692505e-01
2.356357097625732422e+00
1.711082309484481812e-01
9.280214309692382812e-01
7.739040851593017578e-01
2.630178689956665039e+00
1.624517798423767090e+00
6.681669950485229492e-01
7.383996248245239258e-01
3.132723569869995117e-01
1.557021141052246094e-01
2.382626533508300781e+00
3.603252887725830078e+00
5.236685276031494141e-01
3.641089916229248047e+00
8.271055221557617188e-01
1.798925995826721191e-01
2.039600461721420288e-01
7.252141833305358887e-01
1.170462965965270996e+00
8.284500241279602051e-01
7.761195302009582520e-01
3.037455379962921143e-01
7.136078476905822754e-01
6.631758213043212891e-01
5.790867209434509277e-01
2.610931098461151123e-01
7.130067944526672363e-01
3.583166122436523438e+00
3.189186811447143555e+00
5.489785671234130859e-01
1.854196488857269287e-01
8.296028375625610352e-01
3.343447685241699219e+00
5.491349697113037109e-01
5.212833285331726074e-01
4.878990948200225830e-01
5.432629585266113281e-01
2.314470410346984863e-01
9.635436534881591797e-01
2.267994880676269531e-01
5.422160148620605469e+00
8.189063072204589844e-01
5.989552736282348633e-01
2.372865974903106689e-01
8.853984475135803223e-01
2.742173373699188232e-01
5.706129670143127441e-01
5.797262787818908691e-01
7.070757746696472168e-01
4.313793778419494629e-01
2.656796872615814209e-01
3.904500305652618408e-01
8.231483101844787598e-01
4.655137360095977783e-01
4.091248214244842529e-01
1.091521829366683960e-01
6.468136310577392578e-01
4.393330514430999756e-01
4.764884114265441895e-01
4.841004312038421631e-01
3.761211633682250977e-01
4.690403640270233154e-01
4.953973293304443359e-01
1.142877697944641113e+00
4.430187344551086426e-01
4.767697751522064209e-01
5.339142680168151855e-01
1.931722462177276611e-01
2.551430165767669678e-01
5.119512677192687988e-01
3.906661868095397949e-01
5.214884877204895020e-01
5.141176581382751465e-01
5.305833816528320312e-01
1.269773393869400024e-01
6.834223270416259766e-01
1.336269676685333252e-01
1.109499812126159668e+00
4.859485030174255371e-01
5.326229333877563477e-01
2.660751938819885254e-01
9.022188186645507812e-01
1.278246790170669556e-01
4.058376252651214600e-01
1.324443668127059937e-01
3.816019594669342041e-01
7.934812903404235840e-01
4.361212849617004395e-01
1.253222078084945679e-01
1.192810982465744019e-01
2.631924152374267578e-01
3.060741722583770752e-01
2.757904231548309326e-01
6.262378096580505371e-01
4.433127045631408691e-01
2.814277112483978271e-01
2.278379499912261963e-01
8.288872838020324707e-01
4.196673393249511719e+00
2.967097461223602295e-01
8.110275864601135254e-01
1.226420924067497253e-01
2.528831958770751953e-01
1.263731420040130615e-01
5.964187383651733398e-01
1.362416297197341919e-01
2.224445343017578125e-01
4.511172771453857422e+00
8.614045977592468262e-01
2.835099995136260986e-01
2.252721041440963745e-01
2.223254740238189697e-01
2.406815886497497559e-01
6.844306588172912598e-01
5.518044233322143555e-01
1.230853497982025146e-01
3.316432535648345947e-01
1.494736313819885254e+00
8.074101209640502930e-01
2.228131741285324097e-01
2.243942469358444214e-01
1.998099535703659058e-01
9.044412374496459961e-01
5.274627685546875000e+00
1.454471647739410400e-01
9.177920222282409668e-01
5.858170986175537109e-01
2.478666305541992188e-01
1.456287801265716553e-01
4.991399645805358887e-01
5.486144423484802246e-01
5.672325611114501953e+00
4.029063582420349121e-01
5.961644649505615234e+00
6.049085259437561035e-01
9.860966801643371582e-01
5.793591022491455078e+00
2.616882920265197754e-01
1.575444191694259644e-01
1.448440551757812500e+00
2.405843883752822876e-01
2.179521024227142334e-01
6.137056350708007812e+00
9.195786714553833008e-01
5.345858931541442871e-01
1.189859390258789062e+00
1.107614159584045410e+00
3.079308032989501953e+00
2.211105078458786011e-01
7.465916872024536133e-01
2.320926338434219360e-01
8.071035742759704590e-01
2.456275075674057007e-01
6.670369505882263184e-01
1.310506820678710938e+00
7.027977705001831055e-01
7.285708785057067871e-01
7.401251792907714844e-01
6.239674091339111328e+00
1.185904264450073242e+00
6.406741142272949219e-01
7.180476188659667969e-01
5.879659652709960938e-01
6.635498523712158203e+00
9.831891059875488281e-01
6.027876734733581543e-01
1.340205669403076172e+00
6.291328430175781250e+00
6.050191402435302734e+00
5.874894142150878906e+00
6.223527431488037109e+00
3.179036378860473633e-01
6.442172527313232422e+00
8.702106475830078125e-01
7.710329890251159668e-01
9.235580563545227051e-01
9.559034109115600586e-01
6.227642536163330078e+00
9.760217666625976562e-01
1.597600460052490234e+00
3.302168548107147217e-01
6.138879656791687012e-01
1.699366331100463867e+00
6.227855682373046875e+00
3.044459819793701172e-01
6.181337833404541016e-01
6.065652370452880859e+00
1.075470566749572754e+00
6.335200786590576172e+00
1.924510300159454346e-01
8.670544624328613281e-01
5.850758552551269531e+00
6.162545204162597656e+00
6.117877006530761719e+00
5.870510578155517578e+00
1.093571066856384277e+00
9.923899769783020020e-01
8.746271133422851562e-01
2.159591913223266602e-01
2.137279957532882690e-01
6.141242504119873047e+00
6.002359867095947266e+00
1.915519982576370239e-01
6.403488636016845703e+00
2.935326397418975830e-01
3.219273388385772705e-01
5.572370290756225586e-01
6.252915859222412109e+00
2.714028656482696533e-01
2.012244760990142822e-01
6.357267856597900391e+00
8.262263536453247070e-01
3.318297863006591797e-01
2.107736319303512573e-01
3.252593576908111572e-01
5.753031969070434570e-01
3.574376404285430908e-01
2.523058950901031494e-01
2.127929627895355225e-01
2.069223672151565552e-01
5.899341106414794922e-01
7.178384661674499512e-01
9.380384087562561035e-01
2.627598643302917480e-01
2.240208834409713745e-01
4.997504949569702148e-01
2.297187894582748413e-01
4.826804995536804199e-01
2.040495276451110840e-01
2.419899404048919678e-01
6.118266105651855469e+00
1.641779094934463501e-01
1.051713824272155762e+00
6.330992221832275391e+00
6.197814464569091797e+00
6.037380218505859375e+00
6.086791038513183594e+00
1.037281602621078491e-01
6.268254756927490234e+00
8.910091519355773926e-01
6.200030326843261719e+00
1.003940343856811523e+00
8.802882432937622070e-01
5.672117471694946289e-01
3.175032734870910645e-01
2.213810682296752930e-01
7.864039540290832520e-01
2.207633107900619507e-01
1.702893525362014771e-01
5.808781623840332031e+00
1.747091263532638550e-01
6.446713805198669434e-01
7.615206837654113770e-01
6.241934895515441895e-01
2.105058729648590088e-01
6.393821239471435547e-01
4.199719130992889404e-01
6.940106153488159180e-01
1.813125014305114746e-01
4.598034322261810303e-01
3.101179599761962891e-01
4.690096974372863770e-01
2.819575071334838867e-01
1.879948079586029053e-01
7.862463593482971191e-01
6.660100817680358887e-01
2.486494183540344238e-01
1.923145800828933716e-01
3.363839685916900635e-01
2.185470014810562134e-01
3.768691718578338623e-01
1.898030936717987061e-01
5.014317631721496582e-01
2.778919935226440430e-01
1.713522374629974365e-01
3.437035083770751953e-01
4.066543579101562500e-01
2.941506505012512207e-01
1.820528358221054077e-01
8.034871220588684082e-01
1.836117208003997803e-01
1.740842908620834351e-01
5.633944272994995117e-01
2.027630358934402466e-01
7.331299185752868652e-01
2.288377732038497925e-01
4.308814704418182373e-01
6.537800431251525879e-01
2.039846181869506836e-01
6.138328909873962402e-01
1.678624749183654785e-01
3.130052983760833740e-01
4.788123071193695068e-01
1.803118437528610229e-01
8.967183828353881836e-01
2.072222530841827393e-01
2.087054848670959473e-01
5.746141076087951660e-01
3.023984432220458984e-01
3.942737877368927002e-01
2.217691242694854736e-01
6.363801956176757812e-01
3.328890800476074219e-01
1.885896921157836914e-01
4.858444690704345703e+00
3.446810841560363770e-01
3.704027533531188965e-01
4.857941150665283203e+00
2.034398317337036133e-01
3.328333497047424316e-01
2.115032672882080078e-01
1.840393543243408203e-01
3.399026393890380859e-01
7.542169094085693359e-01
5.204817652702331543e-01
1.211374998092651367e+00
7.231422066688537598e-01
2.880586385726928711e-01
5.435432791709899902e-01
3.605904877185821533e-01
3.514926433563232422e-01
1.898950338363647461e-01
5.868760943412780762e-01
5.599358081817626953e-01
2.147382348775863647e-01
1.863868683576583862e-01
2.128267586231231689e-01
1.895456612110137939e-01
7.779247164726257324e-01
9.716644883155822754e-01
2.693466246128082275e-01
1.908360868692398071e-01
7.568113207817077637e-01
6.405675411224365234e-01
2.017122507095336914e-01
2.345162183046340942e-01
7.547979950904846191e-01
5.966433882713317871e-01
5.107057094573974609e-01
4.065888226032257080e-01
8.746508359909057617e-01
4.783666133880615234e+00
5.021796226501464844e+00
6.647275090217590332e-01
1.982886344194412231e-01
2.035687267780303955e-01
2.625025033950805664e+00
8.904928565025329590e-01
6.528045535087585449e-01
4.410092830657958984e+00
1.358306050300598145e+00
1.329824924468994141e-01
4.536251127719879150e-01
3.028733134269714355e-01
5.530709028244018555e-01
3.009691476821899414e+00
3.250276446342468262e-01
3.690086603164672852e-01
1.968032419681549072e-01
2.187377214431762695e-01
1.818902939558029175e-01
1.915700435638427734e-01
2.597986161708831787e-01
5.853849053382873535e-01
3.421001732349395752e-01
2.424030452966690063e-01
2.290687412023544312e-01
2.212604731321334839e-01
2.279027849435806274e-01
1.912676542997360229e-01
1.837229132652282715e-01
2.150099724531173706e-01
2.493322193622589111e-01
2.079426497220993042e-01
7.978560328483581543e-01
2.177444547414779663e-01
2.505739927291870117e-01
1.091336011886596680e+00
1.752545535564422607e-01
2.951027750968933105e-01
2.511335909366607666e-01
1.879728138446807861e-01
1.727737039327621460e-01
2.706228494644165039e-01
2.632301449775695801e-01
1.782806515693664551e-01
2.006307095289230347e-01
3.955334424972534180e+00
3.028274774551391602e-01
2.014425992965698242e-01
1.831292062997817993e-01
1.854937672615051270e-01
2.429125010967254639e-01
2.069926261901855469e-01
4.420377731323242188e+00
3.788235425949096680e+00
1.816973388195037842e-01
2.883055508136749268e-01
1.874770671129226685e-01
1.818029582500457764e-01
1.992543339729309082e-01
3.331117630004882812e-01
2.009315043687820435e-01
1.648673415184020996e-01
2.620867788791656494e-01
1.851488500833511353e-01
1.577172279357910156e-01
2.925736606121063232e-01
2.661025822162628174e-01
1.523950397968292236e-01
2.046509981155395508e-01
1.629174351692199707e-01
3.183527588844299316e-01
4.149959385395050049e-01
1.522902101278305054e-01
2.368566840887069702e-01
2.186122983694076538e-01
2.259557545185089111e-01
1.889134347438812256e-01
1.990317702293395996e-01
3.261854648590087891e-01
1.844504475593566895e-01
1.587618589401245117e-01
7.574515938758850098e-01
6.713083982467651367e-01
2.852247953414916992e-01
1.345341801643371582e-01
2.664656341075897217e-01
1.288872361183166504e-01
1.136798262596130371e+00
1.337070167064666748e-01
2.384327799081802368e-01
2.500401735305786133e-01
3.015807867050170898e-01
1.240864321589469910e-01
2.985121905803680420e-01
2.614286243915557861e-01
3.020449578762054443e-01
2.540743052959442139e-01
7.252212166786193848e-01
1.731855869293212891e-01
1.511001139879226685e-01
1.789182901382446289e+00
2.768940329551696777e-01
2.615655958652496338e-01
2.992457747459411621e-01
2.436348050832748413e-01
7.110386490821838379e-01
1.909763962030410767e-01
1.281667500734329224e-01
1.029585003852844238e+00
1.981832534074783325e-01
2.987162768840789795e-01
3.008021116256713867e-01
1.811809301376342773e+00
1.295523941516876221e-01
2.495950907468795776e-01
2.903556823730468750e-01
1.567704826593399048e-01
2.440040856599807739e-01
2.614592313766479492e-01
1.898707747459411621e+00
2.493577301502227783e-01
2.588136792182922363e-01
3.221816718578338623e-01
3.028312921524047852e-01
3.341307044029235840e-01
9.790387153625488281e-01
2.135354280471801758e-01
3.075012266635894775e-01
3.435747921466827393e-01
9.531481266021728516e-01
9.953078031539916992e-01
8.495534062385559082e-01
7.796678543090820312e-01
2.800902724266052246e-01
9.551838040351867676e-01
2.695629596710205078e-01
2.465068697929382324e-01
7.120696902275085449e-01
2.495154887437820435e-01
2.964744269847869873e-01
7.777228951454162598e-01
1.934290081262588501e-01
2.644441127777099609e-01
2.510607838630676270e-01
8.785604834556579590e-01
2.454597651958465576e-01
3.974008858203887939e-01
2.769674956798553467e-01
4.850288033485412598e-01
3.747944831848144531e-01
3.280829191207885742e-01
3.039621114730834961e-01
8.982609510421752930e-01
1.160357832908630371e+00
2.995651960372924805e-01
2.255810350179672241e-01
3.839146196842193604e-01
2.018393725156784058e-01
9.014660120010375977e-01
4.153780639171600342e-01
8.711620569229125977e-01
2.082856297492980957e-01
7.187042236328125000e-01
2.573688328266143799e-01
3.262408375740051270e-01
2.513674199581146240e-01
2.990824878215789795e-01
2.784670293331146240e-01
2.107920944690704346e-01
1.316599100828170776e-01
2.770722210407257080e-01
1.814350932836532593e-01
1.102633953094482422e+00
3.030303120613098145e-01
2.788109779357910156e-01
3.367452919483184814e-01
3.562926054000854492e-01
4.294678270816802979e-01
2.743776142597198486e-01
2.577851414680480957e-01
3.739558756351470947e-01
1.341445893049240112e-01
6.177179217338562012e-01
3.184655904769897461e-01
3.705652654170989990e-01
3.546475470066070557e-01
2.110234051942825317e-01
4.255117177963256836e-01
3.050549924373626709e-01
4.444983899593353271e-01
7.722601294517517090e-01
4.076896309852600098e-01
5.866223573684692383e-01
4.896553456783294678e-01
3.557856678962707520e-01
4.498228728771209717e-01
9.300755858421325684e-01
1.089728236198425293e+00
5.565826892852783203e-01
8.209766149520874023e-01
3.878274261951446533e-01
4.502619802951812744e-01
3.492040932178497314e-01
3.094627857208251953e-01
2.910776138305664062e-01
1.645615249872207642e-01
4.820478558540344238e-01
2.598823308944702148e-01
2.456423193216323853e-01
1.728512197732925415e-01
2.835367918014526367e-01
2.818772792816162109e-01
5.798620581626892090e-01
1.724605113267898560e-01
5.162878632545471191e-01
2.308074533939361572e-01
2.337115705013275146e-01
6.657377481460571289e-01
2.952836751937866211e-01
7.064838409423828125e-01
1.816084533929824829e-01
8.215162754058837891e-01
7.052438855171203613e-01
2.518688142299652100e-01
9.778659939765930176e-01
5.615631341934204102e-01
7.628915309906005859e-01
1.231744170188903809e+00
7.820268273353576660e-01
3.024699687957763672e-01
7.118832468986511230e-01
9.229238033294677734e-01
2.837886512279510498e-01
2.376106679439544678e-01
7.628690600395202637e-01
7.569149732589721680e-01
1.101631283760070801e+00
1.825114339590072632e-01
8.460605144500732422e-01
6.148771047592163086e-01
7.510756254196166992e-01
1.181391000747680664e+00
6.546506881713867188e-01
2.153861522674560547e-01
7.189388275146484375e-01
1.490843892097473145e-01
1.800101548433303833e-01
1.781723499298095703e-01
1.705324500799179077e-01
5.705790519714355469e-01
6.636854410171508789e-01
4.554026126861572266e-01
6.518321037292480469e-01
2.088780701160430908e-01
1.676511317491531372e-01
1.732219010591506958e-01
5.246101617813110352e-01
6.187214255332946777e-01
1.780642718076705933e-01
6.759142279624938965e-01
5.195109248161315918e-01
5.066604018211364746e-01
6.100287437438964844e-01
5.666725039482116699e-01
5.036322474479675293e-01
5.343120694160461426e-01
1.670850664377212524e-01
4.925861954689025879e-01
6.280113458633422852e-01
1.041321516036987305e+00
1.626672893762588501e-01
7.849560976028442383e-01
5.342077612876892090e-01
7.200518250465393066e-01
2.511999905109405518e-01
8.907781839370727539e-01
2.362590581178665161e-01
1.472735852003097534e-01
4.757886230945587158e-01
1.422640979290008545e-01
7.840394973754882812e-01
1.520993411540985107e-01
6.900187730789184570e-01
1.017137765884399414e+00
2.042543888092041016e-01
1.169569730758666992e+00
2.242417335510253906e-01
1.005696296691894531e+00
6.650941371917724609e-01
9.322864413261413574e-01
1.726564317941665649e-01
1.560667157173156738e-01
1.634732037782669067e-01
4.229505360126495361e-01
2.916642427444458008e-01
3.574557602405548096e-01
1.552242189645767212e-01
1.327522844076156616e-01
1.679281741380691528e-01
4.724417626857757568e-01
7.014609575271606445e-01
1.913719773292541504e-01
1.670588254928588867e-01
3.395506739616394043e-01
1.882464885711669922e-01
1.712938398122787476e-01
1.779104918241500854e-01
1.707573086023330688e-01
6.902611851692199707e-01
4.848990142345428467e-01
1.788744777441024780e-01
1.966613233089447021e-01
1.898483484983444214e-01
2.104969024658203125e-01
1.604689061641693115e-01
1.828929930925369263e-01
1.825729608535766602e-01
6.511375308036804199e-01
1.075435757637023926e+00
1.621277481317520142e-01
3.138940632343292236e-01
1.511958092451095581e-01
3.221937119960784912e-01
3.174268603324890137e-01
1.942627727985382080e-01
1.891140341758728027e-01
2.021081596612930298e-01
2.240804880857467651e-01
2.302328199148178101e-01
6.304823160171508789e-01
2.323732823133468628e-01
1.758537143468856812e-01
2.463589757680892944e-01
2.172955423593521118e-01
5.445153117179870605e-01
3.964677453041076660e-01
2.049038708209991455e-01
3.699019551277160645e-01
1.648283451795578003e-01
1.632267534732818604e-01
2.196647822856903076e-01
1.791354715824127197e-01
1.575034558773040771e-01
3.783275187015533447e-01
1.627023965120315552e-01
1.773871481418609619e-01
1.638287007808685303e-01
1.709849536418914795e-01
1.629851013422012329e-01
3.294713973999023438e+00
3.166780710220336914e+00
1.597540378570556641e-01
3.265703439712524414e+00
8.973676562309265137e-01
1.110721111297607422e+00
2.799828052520751953e-01
1.618817150592803955e-01
1.871796399354934692e-01
1.797835826873779297e-01
1.601258665323257446e-01
3.815050125122070312e-01
1.890044063329696655e-01
1.843438595533370972e-01
9.519779086112976074e-01
3.601667881011962891e-01
1.436673104763031006e-01
3.217915594577789307e-01
7.131402492523193359e-01
7.969641685485839844e-01
1.932422518730163574e-01
1.491400003433227539e-01
1.804616153240203857e-01
1.830587536096572876e-01
6.133935451507568359e-01
1.870154291391372681e-01
4.047194719314575195e-01
1.569180786609649658e-01
6.188431382179260254e-01
7.662867903709411621e-01
6.074951887130737305e-01
1.842038482427597046e-01
1.388953179121017456e-01
1.696303784847259521e-01
1.471383869647979736e-01
1.567492038011550903e-01
1.554608047008514404e-01
2.016829997301101685e-01
1.913620978593826294e-01
1.749113798141479492e-01
1.719535589218139648e-01
1.714584827423095703e-01
1.129450678825378418e+00
1.355011910200119019e-01
1.338860541582107544e-01
2.955977618694305420e-01
2.980276942253112793e-01
1.766039133071899414e-01
7.507217526435852051e-01
1.618694216012954712e-01
1.795150935649871826e-01
1.720343232154846191e-01
1.671087443828582764e-01
1.485850811004638672e-01
7.562274932861328125e-01
1.430530399084091187e-01
1.776522994041442871e-01
1.649282276630401611e-01
3.328373670578002930e+00
1.621132344007492065e-01
1.661188900470733643e-01
1.734957098960876465e-01
9.277285933494567871e-01
1.562388241291046143e-01
1.564488559961318970e-01
1.702267974615097046e-01
1.755740642547607422e-01
1.325328350067138672e-01
1.864872276782989502e-01
1.717143952846527100e-01
1.640913188457489014e-01
1.552832722663879395e-01
5.970925092697143555e-01
1.640596687793731689e-01
1.669275909662246704e-01
1.415780186653137207e-01
1.608209908008575439e-01
1.547025144100189209e-01
1.599228680133819580e-01
1.549939513206481934e-01
1.627711206674575806e-01
1.579057127237319946e-01
5.412473082542419434e-01
2.040683984756469727e+00
1.397391706705093384e-01
8.747897148132324219e-01
6.837029457092285156e-01
1.597604751586914062e-01
1.817530095577239990e-01
1.884556561708450317e-01
1.182452440261840820e-01
1.918865591287612915e-01
2.035615444183349609e-01
1.600008010864257812e-01
1.610749363899230957e-01
1.659663617610931396e-01
5.427612066268920898e-01
1.843174397945404053e-01
3.841401934623718262e-01
6.728547215461730957e-01
6.496054530143737793e-01
1.636161506175994873e-01
3.759312868118286133e+00
4.137332439422607422e+00
1.885953396558761597e-01
4.102771759033203125e+00
3.181149244308471680e+00
1.513203978538513184e-01
2.937473058700561523e+00
3.931999206542968750e+00
4.021823406219482422e+00
1.735292226076126099e-01
1.744470000267028809e+00
1.356661617755889893e-01
2.010525166988372803e-01
1.462630629539489746e-01
1.584420204162597656e-01
1.183136627078056335e-01
1.331489533185958862e-01
3.779443025588989258e+00
6.705833077430725098e-01
4.684555530548095703e-01
3.595006167888641357e-01
1.321034878492355347e-01
1.367957144975662231e-01
1.326352357864379883e-01
1.472664326429367065e-01
3.619306683540344238e-01
1.323433220386505127e-01
1.179664656519889832e-01
3.687786579132080078e+00
2.168087959289550781e-01
6.985158920288085938e-01
1.349789351224899292e-01
4.950697124004364014e-01
2.104718834161758423e-01
3.284822702407836914e-01
2.290457785129547119e-01
1.209404319524765015e-01
1.375217884778976440e-01
6.107777953147888184e-01
2.063785195350646973e-01
3.426139354705810547e+00
4.695906639099121094e-01
3.372367620468139648e-01
2.970541715621948242e+00
1.276746839284896851e-01
7.115921378135681152e-01
1.336031854152679443e-01
4.657867550849914551e-01
2.770042419433593750e-01
1.388916671276092529e-01
1.360270529985427856e-01
2.951186180114746094e+00
1.354086250066757202e-01
3.974890470504760742e+00
4.286248981952667236e-01
2.467800617218017578e+00
1.246880814433097839e-01
2.654123544692993164e+00
1.370528638362884521e-01
1.350018829107284546e-01
5.437896251678466797e-01
5.187047719955444336e-01
5.786663889884948730e-01
5.657516717910766602e-01
5.930065512657165527e-01
7.574173212051391602e-01
1.309480518102645874e-01
1.395314931869506836e-01
3.719433784484863281e+00
7.277302742004394531e-01
6.051381230354309082e-01
1.231784820556640625e-01
1.326573938131332397e-01
1.411908119916915894e-01
1.246276050806045532e-01
4.089829027652740479e-01
3.111610174179077148e+00
5.037410259246826172e-01
1.208547428250312805e-01
1.319201737642288208e-01
1.255519986152648926e-01
1.280144006013870239e-01
4.780768454074859619e-01
1.518160551786422729e-01
1.324479281902313232e-01
3.453719317913055420e-01
1.665339618921279907e-01
1.709371209144592285e-01
2.810043334960937500e+00
4.140443801879882812e-01
3.013898849487304688e+00
3.574598431587219238e-01
5.076588988304138184e-01
2.330871224403381348e-01
1.663239300251007080e-01
1.414661288261413574e+00
1.550924181938171387e-01
2.034375190734863281e+00
1.410464495420455933e-01
1.287320375442504883e+00
