3.286036491394042969e+00
1.685704946517944336e+00
2.101490497589111328e+00
1.107807397842407227e+00
3.258031368255615234e+00
4.851401329040527344e+00
1.079144358634948730e+00
4.403922557830810547e+00
1.143691062927246094e+00
4.976390838623046875e+00
1.117351055145263672e+00
2.146224021911621094e+00
2.227687358856201172e+00
1.095648288726806641e+00
1.775798916816711426e+00
4.120882511138916016e+00
1.879534125328063965e+00
4.465012550354003906e+00
4.205590724945068359e+00
1.850617170333862305e+00
2.557630538940429688e+00
1.109731435775756836e+00
9.537518620491027832e-01
1.010150671005249023e+00
3.742782115936279297e+00
1.080706596374511719e+00
1.508457064628601074e+00
1.187738418579101562e+00
1.153515696525573730e+00
9.095166921615600586e-01
1.152670502662658691e+00
2.103692293167114258e+00
1.135834455490112305e+00
1.253445744514465332e+00
1.096269130706787109e+00
1.372003793716430664e+00
2.184675216674804688e+00
3.315571784973144531e+00
8.744832277297973633e-01
2.380251884460449219e+00
2.740047454833984375e+00
1.208796262741088867e+00
1.380466580390930176e+00
3.088186264038085938e+00
1.608243465423583984e+00
1.216864705085754395e+00
1.110842943191528320e+00
1.171190261840820312e+00
1.664485931396484375e+00
1.216344714164733887e+00
4.162156581878662109e+00
1.100402235984802246e+00
4.218372344970703125e+00
3.621528863906860352e+00
3.678208827972412109e+00
1.228039741516113281e+00
1.314899325370788574e+00
1.197587251663208008e+00
4.033515930175781250e+00
1.690734148025512695e+00
1.459991455078125000e+00
1.154081225395202637e+00
3.436870813369750977e+00
1.402765154838562012e+00
1.488734841346740723e+00
1.155486464500427246e+00
2.217371463775634766e+00
1.303071975708007812e+00
1.181425333023071289e+00
3.947388648986816406e+00
1.462333321571350098e+00
1.388200521469116211e+00
1.269340991973876953e+00
1.287967085838317871e+00
1.615640163421630859e+00
1.232581615447998047e+00
1.420909881591796875e+00
3.690773963928222656e+00
6.174219846725463867e-01
1.549377322196960449e+00
2.287403106689453125e+00
4.181202888488769531e+00
2.099243402481079102e+00
2.976971387863159180e+00
3.176096916198730469e+00
3.242678642272949219e+00
1.769485712051391602e+00
2.800868272781372070e+00
3.729582071304321289e+00
3.404002189636230469e+00
1.276112198829650879e+00
2.849102735519409180e+00
1.114930748939514160e+00
1.326457023620605469e+00
1.297235965728759766e+00
1.386528730392456055e+00
1.191087603569030762e+00
1.366262674331665039e+00
2.777497291564941406e+00
3.411812543869018555e+00
3.552533149719238281e+00
3.345130443572998047e+00
1.769508600234985352e+00
3.006125688552856445e+00
1.077401995658874512e+00
3.013641357421875000e+00
2.604686498641967773e+00
1.416783452033996582e+00
3.196121454238891602e+00
1.077104449272155762e+00
3.358810186386108398e+00
1.588695049285888672e+00
1.581588029861450195e+00
1.327648639678955078e+00
1.482987523078918457e+00
2.481254339218139648e+00
3.681216478347778320e+00
1.310596704483032227e+00
2.754675626754760742e+00
3.033426761627197266e+00
3.375450134277343750e+00
2.631636142730712891e+00
1.704796314239501953e+00
2.600371360778808594e+00
2.670947790145874023e+00
2.901080608367919922e+00
1.148554086685180664e+00
1.206279635429382324e+00
1.219010353088378906e+00
1.551951408386230469e+00
2.596357583999633789e+00
2.900867700576782227e+00
3.298942565917968750e+00
3.302195310592651367e+00
2.912115812301635742e+00
4.116183757781982422e+00
1.070429563522338867e+00
2.001278400421142578e+00
2.776940584182739258e+00
2.329069375991821289e+00
2.807241678237915039e+00
2.098609447479248047e+00
3.511223793029785156e+00
2.491943359375000000e+00
3.515958786010742188e+00
3.252955675125122070e+00
2.344745159149169922e+00
2.865142345428466797e+00
2.742693901062011719e+00
2.367179632186889648e+00
4.155715465545654297e+00
3.822255611419677734e+00
1.751573324203491211e+00
3.955547094345092773e+00
3.363326787948608398e+00
1.461235642433166504e+00
3.695995807647705078e+00
4.153568267822265625e+00
2.568237781524658203e+00
8.758672475814819336e-01
3.620669841766357422e+00
3.663445711135864258e+00
3.844463348388671875e+00
4.514750480651855469e+00
4.593820571899414062e+00
4.140193939208984375e+00
9.619767069816589355e-01
4.024184226989746094e+00
3.999482154846191406e+00
3.056586027145385742e+00
4.826503276824951172e+00
4.060263633728027344e+00
4.167485237121582031e+00
4.871377468109130859e+00
5.015393257141113281e+00
5.848540306091308594e+00
1.143636822700500488e+00
4.091322898864746094e+00
3.683112859725952148e+00
4.634212493896484375e+00
3.868495941162109375e+00
2.860031127929687500e+00
4.785301208496093750e+00
3.174533128738403320e+00
4.505184650421142578e+00
4.452895641326904297e+00
2.889259815216064453e+00
1.574558019638061523e+00
1.317352175712585449e+00
1.434649229049682617e+00
5.027560234069824219e+00
2.223673105239868164e+00
3.714386224746704102e+00
1.208562731742858887e+00
3.611542463302612305e+00
1.780665874481201172e+00
1.958236694335937500e+00
3.777702569961547852e+00
3.394391775131225586e+00
3.753181695938110352e+00
1.508191823959350586e+00
8.238210678100585938e-01
9.559720754623413086e-01
8.097855448722839355e-01
1.434157013893127441e+00
4.342889308929443359e+00
5.387654304504394531e+00
1.752586007118225098e+00
3.706949710845947266e+00
5.732728004455566406e+00
3.521763563156127930e+00
3.699851751327514648e+00
3.860314846038818359e+00
3.690377950668334961e+00
4.282984256744384766e+00
3.649625778198242188e+00
4.483538627624511719e+00
2.487636327743530273e+00
2.826851367950439453e+00
3.031970977783203125e+00
3.286319732666015625e+00
4.241308212280273438e+00
3.771158218383789062e+00
3.981188774108886719e+00
4.428055286407470703e+00
3.644750356674194336e+00
5.238524913787841797e+00
7.307583689689636230e-01
6.259210109710693359e-01
2.022397756576538086e+00
1.733376264572143555e+00
5.247821331024169922e+00
2.098977804183959961e+00
3.770278930664062500e+00
4.073908805847167969e+00
4.530791759490966797e+00
4.418516159057617188e+00
1.503673076629638672e+00
4.530039310455322266e+00
4.504807472229003906e+00
3.825013637542724609e+00
4.381771087646484375e+00
3.759469509124755859e+00
1.253898620605468750e+00
3.984455347061157227e+00
1.176783323287963867e+00
2.424973726272583008e+00
1.739937663078308105e+00
5.541864037513732910e-01
4.169564723968505859e+00
3.962484598159790039e+00
3.932743549346923828e+00
4.667551040649414062e+00
4.871099948883056641e+00
4.082493305206298828e+00
4.178879737854003906e+00
4.388528823852539062e+00
3.862618684768676758e+00
3.102674007415771484e+00
3.907147407531738281e+00
4.013538360595703125e+00
3.524023294448852539e+00
2.510653257369995117e+00
4.869577407836914062e+00
3.654808521270751953e+00
5.500496387481689453e+00
4.253850460052490234e+00
4.950637817382812500e+00
5.044001102447509766e+00
5.232696056365966797e+00
3.697757005691528320e+00
1.760362982749938965e+00
2.007208585739135742e+00
3.004084110260009766e+00
4.993804454803466797e+00
2.428696393966674805e+00
3.609099388122558594e+00
5.353852272033691406e+00
2.138364315032958984e+00
5.379109859466552734e+00
3.532408475875854492e+00
2.183184146881103516e+00
4.852735996246337891e-01
2.613406658172607422e+00
3.641536474227905273e+00
2.287943840026855469e+00
5.261617183685302734e+00
1.794648170471191406e+00
1.827176094055175781e+00
3.840115785598754883e+00
5.414031505584716797e+00
5.223240375518798828e+00
3.606921911239624023e+00
3.507430791854858398e+00
1.966899752616882324e+00
3.483561515808105469e+00
5.134560585021972656e+00
2.403680324554443359e+00
1.452568769454956055e+00
3.665484666824340820e+00
3.796830654144287109e+00
3.694128990173339844e+00
2.629144668579101562e+00
4.819570779800415039e-01
3.868559122085571289e+00
2.479203462600708008e+00
1.624755859375000000e+00
3.574282884597778320e+00
3.794562816619873047e+00
3.875820159912109375e+00
3.666832208633422852e+00
1.577890038490295410e+00
3.624011754989624023e+00
2.122893095016479492e+00
2.748250722885131836e+00
3.659024238586425781e+00
3.856591701507568359e+00
3.318082332611083984e+00
2.084008693695068359e+00
1.822534322738647461e+00
3.731430292129516602e+00
3.565005779266357422e+00
2.536696434020996094e+00
3.479829311370849609e+00
3.477312088012695312e+00
3.166103363037109375e+00
3.641850471496582031e+00
3.526437282562255859e+00
3.583177328109741211e+00
4.266946613788604736e-01
3.491687297821044922e+00
1.953874945640563965e+00
1.829373121261596680e+00
1.483352422714233398e+00
1.738067746162414551e+00
2.452895879745483398e+00
2.350560188293457031e+00
3.905333995819091797e+00
3.570539474487304688e+00
3.706151247024536133e+00
3.612036705017089844e+00
4.453312158584594727e-01
4.250282645225524902e-01
3.061799764633178711e+00
3.990830421447753906e+00
3.376232624053955078e+00
3.717091560363769531e+00
8.906908631324768066e-01
4.362450838088989258e-01
3.375204801559448242e+00
2.210879802703857422e+00
8.575389981269836426e-01
4.227576255798339844e+00
2.977542638778686523e+00
4.616238772869110107e-01
3.511687040328979492e+00
3.541241407394409180e+00
3.677607059478759766e+00
3.518995046615600586e+00
9.144356846809387207e-01
5.527278184890747070e-01
7.496871948242187500e-01
3.592712163925170898e+00
3.686082839965820312e+00
4.478381574153900146e-01
3.398127317428588867e+00
5.031194090843200684e-01
5.008725523948669434e-01
6.579641699790954590e-01
4.226260662078857422e+00
3.064880371093750000e+00
3.311871528625488281e+00
4.123563766479492188e+00
3.473337650299072266e+00
4.290935993194580078e+00
3.532080650329589844e+00
4.147823333740234375e+00
3.717950105667114258e+00
3.336442947387695312e+00
4.464581966400146484e+00
3.606208801269531250e+00
3.250907897949218750e+00
4.016075611114501953e+00
3.888439178466796875e+00
2.647433042526245117e+00
3.705768823623657227e+00
2.514801740646362305e+00
2.435591697692871094e+00
7.385389208793640137e-01
3.406868934631347656e+00
5.112186908721923828e+00
3.174245595932006836e+00
8.165265917778015137e-01
1.098186969757080078e+00
3.596850156784057617e+00
3.316938877105712891e+00
5.253462195396423340e-01
3.161425113677978516e+00
3.099489688873291016e+00
3.633433580398559570e+00
3.247215986251831055e+00
3.163468599319458008e+00
3.137627840042114258e+00
3.416647911071777344e+00
3.401928663253784180e+00
3.376854181289672852e+00
5.069483518600463867e-01
3.606131315231323242e+00
3.171873092651367188e+00
2.983332157135009766e+00
3.138233661651611328e+00
3.453056335449218750e+00
1.228773355484008789e+00
7.073617577552795410e-01
3.206067800521850586e+00
3.335952281951904297e+00
3.276292085647583008e+00
5.397750139236450195e-01
4.868706166744232178e-01
5.076083540916442871e-01
3.440051078796386719e+00
2.336083889007568359e+00
3.482855081558227539e+00
5.310832858085632324e-01
3.600774049758911133e+00
6.626241803169250488e-01
6.453998684883117676e-01
7.002097964286804199e-01
3.600659608840942383e+00
4.542501926422119141e+00
3.662932872772216797e+00
4.402195930480957031e+00
3.135792493820190430e+00
6.405213475227355957e-01
4.539052963256835938e+00
3.823249816894531250e+00
4.424278736114501953e+00
5.034351944923400879e-01
3.434284448623657227e+00
3.958391249179840088e-01
1.526177048683166504e+00
3.255768537521362305e+00
5.674170255661010742e-01
3.306230545043945312e+00
4.057836055755615234e+00
3.397822380065917969e+00
5.379831790924072266e+00
1.212624311447143555e+00
3.337884426116943359e+00
8.003425598144531250e-01
3.289303302764892578e+00
4.373082220554351807e-01
5.258706092834472656e+00
3.404610872268676758e+00
4.227998256683349609e+00
3.069431781768798828e+00
1.366273403167724609e+00
3.408153295516967773e+00
3.273735761642456055e+00
1.309712409973144531e+00
4.675927162170410156e-01
1.374767422676086426e+00
1.287084460258483887e+00
5.298857688903808594e+00
3.631765365600585938e+00
3.063029348850250244e-01
1.435888886451721191e+00
1.341514825820922852e+00
3.774638652801513672e+00
1.473760604858398438e+00
3.479042291641235352e+00
7.886466979980468750e-01
4.383252859115600586e-01
3.217553794384002686e-01
3.603850305080413818e-01
7.569193840026855469e-01
1.632552504539489746e+00
4.436225891113281250e-01
8.791784048080444336e-01
4.218534529209136963e-01
3.588976263999938965e-01
3.596406698226928711e+00
3.424285411834716797e+00
9.209323525428771973e-01
2.398952484130859375e+00
2.813802719116210938e+00
5.291699886322021484e+00
3.757042884826660156e-01
2.092822790145874023e+00
7.137238979339599609e-01
4.418502151966094971e-01
5.682335853576660156e+00
1.297909140586853027e+00
1.431298136711120605e+00
4.051629006862640381e-01
5.105754375457763672e+00
4.806939601898193359e+00
5.133556842803955078e+00
3.888931870460510254e-01
2.664717674255371094e+00
1.403678655624389648e+00
1.500548481941223145e+00
5.580093860626220703e+00
2.621058464050292969e+00
8.163232207298278809e-01
3.612720668315887451e-01
2.415934801101684570e+00
2.475151538848876953e+00
1.691748619079589844e+00
4.298255145549774170e-01
2.555499315261840820e+00
2.667955398559570312e+00
2.478263854980468750e+00
2.780264377593994141e+00
3.378784954547882080e-01
4.831822872161865234e+00
2.376380681991577148e+00
2.482717990875244141e+00
2.620866537094116211e+00
2.665730953216552734e+00
8.923401832580566406e-01
2.494424581527709961e+00
1.076093792915344238e+00
1.191613435745239258e+00
2.513803958892822266e+00
1.078874945640563965e+00
5.454751491546630859e+00
2.834715843200683594e+00
2.243080139160156250e+00
2.644029140472412109e+00
2.815462589263916016e+00
2.428987503051757812e+00
2.564131736755371094e+00
2.640497207641601562e+00
2.820008993148803711e+00
5.298680663108825684e-01
1.006302118301391602e+00
6.082255840301513672e-01
2.338662385940551758e+00
2.770362615585327148e+00
1.295479893684387207e+00
2.590761661529541016e+00
3.663641452789306641e+00
2.426138639450073242e+00
2.623655319213867188e+00
2.668943881988525391e+00
5.217290520668029785e-01
5.203917503356933594e+00
4.771076142787933350e-01
5.023666858673095703e+00
6.255353093147277832e-01
9.661193490028381348e-01
1.074900984764099121e+00
1.629376053810119629e+00
5.084309101104736328e+00
2.093656778335571289e+00
3.364058136940002441e-01
1.797404766082763672e+00
5.209926605224609375e+00
2.080105781555175781e+00
3.328663408756256104e-01
2.038960695266723633e+00
1.548640251159667969e+00
2.042015075683593750e+00
3.831009626388549805e+00
4.235633373260498047e+00
1.871096253395080566e+00
1.269046187400817871e+00
2.153602123260498047e+00
1.500500917434692383e+00
2.165839672088623047e+00
9.381500482559204102e-01
3.395386934280395508e-01
4.199134111404418945e-01
3.361388146877288818e-01
9.404975175857543945e-01
3.655478954315185547e+00
1.019090294837951660e+00
1.213897466659545898e+00
4.634388983249664307e-01
2.941889166831970215e-01
3.560301303863525391e+00
3.746074140071868896e-01
3.662436485290527344e+00
3.649486780166625977e+00
3.199894428253173828e-01
7.408581972122192383e-01
1.137378692626953125e+00
1.427098631858825684e+00
3.518703222274780273e+00
3.517650127410888672e+00
3.590532541275024414e+00
3.509002923965454102e+00
3.218274414539337158e-01
1.925790905952453613e+00
3.508658409118652344e-01
3.324936389923095703e+00
3.254103899002075195e+00
3.252653598785400391e+00
4.093708395957946777e-01
5.035992860794067383e-01
1.273612499237060547e+00
3.217496156692504883e+00
3.107576370239257812e-01
1.332681298255920410e+00
3.708156347274780273e+00
3.293947458267211914e+00
3.397336602210998535e-01
8.516405820846557617e-01
3.441836535930633545e-01
3.776938915252685547e+00
3.831087827682495117e+00
3.816731929779052734e+00
3.820232152938842773e-01
4.076284468173980713e-01
4.026388525962829590e-01
3.119436502456665039e-01
1.111092567443847656e+00
3.021981418132781982e-01
1.202762365341186523e+00
6.389164328575134277e-01
3.720330595970153809e-01
1.417033433914184570e+00
4.374943673610687256e-01
2.988061606884002686e-01
1.597527503967285156e+00
1.553148627281188965e+00
2.894175350666046143e-01
7.585827112197875977e-01
3.947682380676269531e-01
1.835032105445861816e+00
2.501077055931091309e-01
2.460744380950927734e-01
2.725120484828948975e-01
5.560389757156372070e-01
2.673319876194000244e-01
3.120521605014801025e-01
6.914420723915100098e-01
2.766250371932983398e-01
2.781238853931427002e-01
9.250881075859069824e-01
2.793594896793365479e-01
3.204559803009033203e+00
3.174408435821533203e+00
3.462023973464965820e+00
1.916238427162170410e+00
7.025279998779296875e-01
4.396705925464630127e-01
3.754437267780303955e-01
6.866977810859680176e-01
7.943343520164489746e-01
1.588266491889953613e+00
4.971310198307037354e-01
9.424827098846435547e-01
6.095092892646789551e-01
6.166861653327941895e-01
3.541690826416015625e+00
3.202911019325256348e-01
4.000018537044525146e-01
3.339937925338745117e-01
3.364496529102325439e-01
3.433648943901062012e-01
3.569076657295227051e-01
3.922197818756103516e-01
3.403271138668060303e-01
3.273885011672973633e+00
3.597140073776245117e+00
1.158012032508850098e+00
3.758526325225830078e+00
3.933865725994110107e-01
7.200830578804016113e-01
2.962456643581390381e-01
3.607879400253295898e+00
3.759442567825317383e-01
2.769160866737365723e-01
3.391913473606109619e-01
3.342323303222656250e+00
3.975384831428527832e-01
3.864169716835021973e-01
1.616817831993103027e+00
3.759402334690093994e-01
3.520507812500000000e-01
3.443238019943237305e+00
3.911570310592651367e-01
3.503854036331176758e+00
1.318934917449951172e+00
3.382555484771728516e+00
3.442683517932891846e-01
8.707576990127563477e-01
3.532120883464813232e-01
3.153918683528900146e-01
1.600579380989074707e+00
3.293037116527557373e-01
3.595022261142730713e-01
1.353325724601745605e+00
3.154186904430389404e-01
3.346169888973236084e-01
3.334299087524414062e+00
3.282315969467163086e+00
8.822774291038513184e-01
7.163675427436828613e-01
1.861359357833862305e+00
3.282118439674377441e-01
4.673348367214202881e-01
1.270228385925292969e+00
3.338254988193511963e-01
1.053020715713500977e+00
1.385830640792846680e+00
3.367387652397155762e-01
3.187993764877319336e-01
1.503897547721862793e+00
3.187449276447296143e-01
1.581957697868347168e+00
1.345074892044067383e+00
1.398481845855712891e+00
4.156428277492523193e-01
1.304297804832458496e+00
6.637892127037048340e-01
2.922170162200927734e-01
2.874246537685394287e-01
2.870545387268066406e-01
3.531405925750732422e-01
2.825513780117034912e-01
1.433689951896667480e+00
6.538668870925903320e-01
3.448107957839965820e+00
1.105185866355895996e+00
3.007674515247344971e-01
2.944201231002807617e-01
2.791494131088256836e-01
1.399428725242614746e+00
3.297804355621337891e+00
1.284907817840576172e+00
3.498015642166137695e+00
3.570646047592163086e+00
3.061941862106323242e-01
3.123453557491302490e-01
1.140863180160522461e+00
3.539964914321899414e+00
3.161863088607788086e-01
2.653262317180633545e-01
3.503669500350952148e-01
3.443694412708282471e-01
8.607801198959350586e-01
3.348588943481445312e+00
2.905393838882446289e-01
5.546334981918334961e-01
8.430050015449523926e-01
3.338503360748291016e+00
3.202038526535034180e+00
3.334986865520477295e-01
3.428545713424682617e+00
7.002770900726318359e-01
3.181582450866699219e+00
2.968322336673736572e-01
2.766897082328796387e-01
3.126241862773895264e-01
3.158841431140899658e-01
3.373185992240905762e-01
3.514094591140747070e+00
3.046285510063171387e-01
3.240927696228027344e+00
3.170180618762969971e-01
1.517648935317993164e+00
1.646118402481079102e+00
3.141187131404876709e-01
3.606179356575012207e-01
3.098257780075073242e-01
5.598905086517333984e-01
3.370621919631958008e+00
3.925058245658874512e-01
3.214022517204284668e-01
3.548845291137695312e+00
3.281645298004150391e+00
3.528902769088745117e+00
2.799259722232818604e-01
3.481348514556884766e+00
3.432742118835449219e+00
2.874982655048370361e-01
4.140785038471221924e-01
3.439151287078857422e+00
4.093823134899139404e-01
9.904032945632934570e-01
3.954854607582092285e-01
3.192413568496704102e+00
3.246223688125610352e+00
3.514326810836791992e+00
3.309149503707885742e+00
6.354930996894836426e-01
3.148863554000854492e+00
3.380094289779663086e+00
6.709806919097900391e-01
3.370580196380615234e+00
5.353714823722839355e-01
7.764183282852172852e-01
3.448891043663024902e-01
6.285562515258789062e-01
5.723432302474975586e-01
3.394643545150756836e+00
5.567520260810852051e-01
3.248227238655090332e-01
7.481108307838439941e-01
8.065083026885986328e-01
3.517118215560913086e+00
3.298480987548828125e+00
3.383170604705810547e+00
3.443849682807922363e-01
3.127837896347045898e+00
3.307587862014770508e+00
1.017690420150756836e+00
3.148543596267700195e+00
3.292947769165039062e+00
5.125684738159179688e-01
4.237852096557617188e-01
1.329353451728820801e+00
5.748531818389892578e-01
1.044734597206115723e+00
5.919436812400817871e-01
3.610628843307495117e-01
3.033462762832641602e+00
3.229275047779083252e-01
3.189573884010314941e-01
2.810880541801452637e-01
5.867914557456970215e-01
6.147269606590270996e-01
3.655047118663787842e-01
3.612934350967407227e-01
3.380366265773773193e-01
6.289992928504943848e-01
6.158883571624755859e-01
5.839628577232360840e-01
3.335147380828857422e+00
3.482800006866455078e+00
3.371937572956085205e-01
6.109900474548339844e-01
3.734759986400604248e-01
3.370106518268585205e-01
2.314522266387939453e+00
5.675332546234130859e-01
5.338243246078491211e-01
7.609119415283203125e-01
3.363894701004028320e+00
7.428858280181884766e-01
3.480572462081909180e+00
3.273537158966064453e+00
1.788487434387207031e+00
1.722691178321838379e+00
1.733495712280273438e+00
2.391412496566772461e+00
3.323935747146606445e+00
3.325803041458129883e+00
3.386456489562988281e+00
3.655867874622344971e-01
3.241627931594848633e+00
5.288645029067993164e-01
5.609139800071716309e-01
7.312934398651123047e-01
6.657378077507019043e-01
3.367326974868774414e+00
3.315754652023315430e+00
3.562776565551757812e+00
3.353727340698242188e+00
2.873994708061218262e-01
3.495102405548095703e+00
3.329142808914184570e+00
4.840810298919677734e-01
3.791292011737823486e-01
3.079253733158111572e-01
5.321199297904968262e-01
3.792184114456176758e+00
3.314952611923217773e+00
1.171314239501953125e+00
9.074293375015258789e-01
3.903523445129394531e+00
6.207129359245300293e-01
1.310458302497863770e+00
6.359843611717224121e-01
1.785694837570190430e+00
7.218625545501708984e-01
4.821239709854125977e-01
7.084574103355407715e-01
7.315355539321899414e-01
3.580024003982543945e+00
7.036166191101074219e-01
4.753481447696685791e-01
6.663827300071716309e-01
4.588440060615539551e-01
2.207378387451171875e+00
2.526385784149169922e+00
2.447845458984375000e+00
5.549655556678771973e-01
3.379505276679992676e-01
6.698844432830810547e-01
3.157386779785156250e-01
5.201089978218078613e-01
5.798532366752624512e-01
6.387369632720947266e-01
3.206244230270385742e+00
2.354020029306411743e-01
5.938606262207031250e-01
5.509629249572753906e-01
2.470938861370086670e-01
1.856857776641845703e+00
3.485809564590454102e-01
2.426402270793914795e-01
2.107219934463500977e+00
2.228910923004150391e+00
3.360255956649780273e-01
5.375497341156005859e-01
1.921888113021850586e+00
5.424163341522216797e-01
6.567541360855102539e-01
2.177065610885620117e-01
3.506220579147338867e+00
3.049878478050231934e-01
3.220486879348754883e+00
1.926092624664306641e+00
3.092196285724639893e-01
3.761434793472290039e+00
7.069829702377319336e-01
3.496812343597412109e+00
3.287372589111328125e+00
1.891923785209655762e+00
2.395592927932739258e+00
2.013606548309326172e+00
1.743892788887023926e+00
3.488170623779296875e+00
3.528367996215820312e+00
1.994753718376159668e+00
3.509712219238281250e-01
3.147124290466308594e+00
3.226014614105224609e+00
2.271641939878463745e-01
3.118834733963012695e+00
1.793147563934326172e+00
3.329646885395050049e-01
1.478366971015930176e+00
1.757981896400451660e+00
1.678892493247985840e+00
3.328430652618408203e+00
1.569259524345397949e+00
1.902040839195251465e+00
3.215432405471801758e+00
3.256803274154663086e+00
3.082996845245361328e+00
1.781424045562744141e+00
3.218879222869873047e+00
1.722902655601501465e+00
1.335134506225585938e+00
3.417829513549804688e+00
3.664929270744323730e-01
3.043344318866729736e-01
4.665190577507019043e-01
9.008206725120544434e-01
1.016026973724365234e+00
6.413844823837280273e-01
2.894644141197204590e-01
1.411290049552917480e+00
3.266657829284667969e+00
3.550006449222564697e-01
3.326532602310180664e+00
3.495730638504028320e+00
3.492285013198852539e-01
9.278988242149353027e-01
1.520630240440368652e+00
3.342331945896148682e-01
4.441768825054168701e-01
4.662635922431945801e-01
4.877812266349792480e-01
2.303281307220458984e+00
3.225269913673400879e-01
2.270473241806030273e+00
3.266012191772460938e+00
4.878637790679931641e-01
3.278950452804565430e+00
3.490778207778930664e-01
3.088092505931854248e-01
3.950282633304595947e-01
3.766860961914062500e-01
4.772900938987731934e-01
4.719946384429931641e-01
1.785664677619934082e+00
3.284507036209106445e+00
2.211370706558227539e+00
3.495254278182983398e+00
4.433885216712951660e-01
3.708697855472564697e-01
3.273213148117065430e+00
3.344244956970214844e+00
3.350712060928344727e+00
3.464592456817626953e+00
3.551756620407104492e+00
4.030613005161285400e-01
3.049347400665283203e+00
5.475392341613769531e-01
5.738993287086486816e-01
2.373400926589965820e-01
4.189661741256713867e-01
4.460179209709167480e-01
2.519811391830444336e-01
2.070122003555297852e+00
1.055448055267333984e+00
2.575306594371795654e-01
3.346637964248657227e+00
2.245753526687622070e+00
1.114923477172851562e+00
3.124226808547973633e+00
1.666301369667053223e+00
1.291769146919250488e+00
1.397069811820983887e+00
1.052983283996582031e+00
1.344181180000305176e+00
1.434305429458618164e+00
3.515886783599853516e+00
1.048809528350830078e+00
1.395115256309509277e+00
5.560555458068847656e-01
7.372660636901855469e-01
2.048342943191528320e+00
7.404276132583618164e-01
9.846110343933105469e-01
1.957576394081115723e+00
1.339854478836059570e+00
2.370359897613525391e+00
1.458285570144653320e+00
3.432822227478027344e+00
3.146471977233886719e+00
3.239078521728515625e+00
5.309895277023315430e-01
1.264620184898376465e+00
5.142917633056640625e-01
2.028672218322753906e+00
1.317276000976562500e+00
4.974339902400970459e-01
1.380146503448486328e+00
2.349097728729248047e+00
3.470326960086822510e-01
2.337301015853881836e+00
3.239484548568725586e+00
4.424291551113128662e-01
2.172545671463012695e+00
2.391336679458618164e+00
1.919336438179016113e+00
4.175056517124176025e-01
1.286191344261169434e+00
1.317589402198791504e+00
1.390057444572448730e+00
1.258383989334106445e+00
1.001295685768127441e+00
1.437561273574829102e+00
1.272800922393798828e+00
2.463254451751708984e+00
4.254357814788818359e-01
1.420347213745117188e+00
1.265872120857238770e+00
3.636917114257812500e+00
3.185131311416625977e+00
2.476164340972900391e+00
3.225142717361450195e+00
2.548867166042327881e-01
3.254374027252197266e+00
2.686180830001831055e+00
3.365228414535522461e+00
3.503040552139282227e+00
3.237305641174316406e+00
3.313534736633300781e+00
2.959062457084655762e-01
4.286951541900634766e+00
3.030292987823486328e-01
2.915613353252410889e-01
3.301151275634765625e+00
8.556178808212280273e-01
3.155048370361328125e+00
5.010219216346740723e-01
1.968315124511718750e+00
3.507878780364990234e+00
1.158774852752685547e+00
9.276243448257446289e-01
7.432730197906494141e-01
1.705933928489685059e+00
9.692288041114807129e-01
3.309867382049560547e+00
3.523031711578369141e+00
1.553510308265686035e+00
8.448048830032348633e-01
9.115270972251892090e-01
1.494048714637756348e+00
7.128182053565979004e-01
4.620153009891510010e-01
3.957358300685882568e-01
2.555002868175506592e-01
4.975708127021789551e-01
9.255883693695068359e-01
3.195719718933105469e+00
2.713929712772369385e-01
1.169040322303771973e+00
1.313708662986755371e+00
1.362399339675903320e+00
2.720604240894317627e-01
1.343053817749023438e+00
1.355366349220275879e+00
4.916985988616943359e+00
3.266320228576660156e+00
3.675104379653930664e-01
1.301175355911254883e+00
2.990700483322143555e+00
3.265123844146728516e+00
1.664720296859741211e+00
2.716973423957824707e-01
1.215243935585021973e+00
1.151831626892089844e+00
1.242288589477539062e+00
2.503562927246093750e+00
4.717684268951416016e+00
1.165820121765136719e+00
3.261329531669616699e-01
1.230979800224304199e+00
5.004943847656250000e+00
1.685041189193725586e+00
4.087225198745727539e-01
3.002181291580200195e+00
3.417212486267089844e+00
3.093534708023071289e+00
9.094327092170715332e-01
5.701180934906005859e+00
7.300936579704284668e-01
3.442144095897674561e-01
5.219048500061035156e+00
5.535168647766113281e+00
5.435977458953857422e+00
5.654770374298095703e+00
2.083035707473754883e+00
6.549072265625000000e-01
7.351318001747131348e-01
3.308462500572204590e-01
4.902982234954833984e+00
1.776881933212280273e+00
5.264699935913085938e+00
6.953773498535156250e-01
5.325037002563476562e+00
5.522301673889160156e+00
3.559755384922027588e-01
7.953055500984191895e-01
2.262452602386474609e+00
4.380192160606384277e-01
2.451325416564941406e+00
2.134275913238525391e+00
5.577185630798339844e+00
2.551951110363006592e-01
8.699887990951538086e-01
4.956760883331298828e+00
5.160344600677490234e+00
5.707562923431396484e+00
5.529833316802978516e+00
2.386698484420776367e+00
7.980259060859680176e-01
3.776990413665771484e+00
2.761955261230468750e+00
9.067858457565307617e-01
3.497853755950927734e+00
4.158368110656738281e+00
1.259271740913391113e+00
2.983904838562011719e+00
2.046287298202514648e+00
3.651792526245117188e+00
7.778713107109069824e-01
3.922567367553710938e-01
2.482005357742309570e+00
1.049012780189514160e+00
2.303619623184204102e+00
2.016455650329589844e+00
2.786351919174194336e+00
1.783730864524841309e+00
2.024059057235717773e+00
2.279410362243652344e+00
4.161783754825592041e-01
8.627359271049499512e-01
2.527544260025024414e+00
3.753865242004394531e+00
2.251667499542236328e+00
3.788779020309448242e+00
1.125353217124938965e+00
2.758334577083587646e-01
3.057107329368591309e-01
2.244530677795410156e+00
1.915786385536193848e+00
2.444990634918212891e+00
1.139250755310058594e+00
4.466024041175842285e-01
2.418085813522338867e+00
2.467582225799560547e+00
2.321543693542480469e+00
4.014404714107513428e-01
2.024786472320556641e+00
3.737282991409301758e+00
3.344171524047851562e+00
1.008633732795715332e+00
3.131311535835266113e-01
2.923089265823364258e+00
3.515184402465820312e+00
1.477464318275451660e+00
1.154426336288452148e+00
9.973068833351135254e-01
6.707526445388793945e-01
4.998078346252441406e-01
2.390311717987060547e+00
4.967945814132690430e-01
5.566050529479980469e+00
2.431218147277832031e+00
2.105803251266479492e+00
4.100762605667114258e-01
1.058838367462158203e+00
4.393669068813323975e-01
7.022747993469238281e-01
7.539286613464355469e-01
9.139696359634399414e-01
1.039225935935974121e+00
4.481155872344970703e-01
1.040356993675231934e+00
1.007414579391479492e+00
1.037964105606079102e+00
1.025729656219482422e+00
2.343809455633163452e-01
1.954951524734497070e+00
1.160604476928710938e+00
1.199445724487304688e+00
1.328602075576782227e+00
3.439249277114868164e+00
1.206702947616577148e+00
1.331040382385253906e+00
1.304005146026611328e+00
1.198322415351867676e+00
1.176785349845886230e+00
1.106583595275878906e+00
3.434212803840637207e-01
3.901031315326690674e-01
1.094844222068786621e+00
9.725480079650878906e-01
1.386589527130126953e+00
1.366745352745056152e+00
1.295839071273803711e+00
2.527418136596679688e-01
2.007014513015747070e+00
2.466498911380767822e-01
1.269406318664550781e+00
1.542408943176269531e+00
1.609847307205200195e+00
3.868781328201293945e-01
2.559147357940673828e+00
2.455797195434570312e-01
1.163504719734191895e+00
2.410014420747756958e-01
1.866740942001342773e+00
9.739204645156860352e-01
1.235976219177246094e+00
2.451855242252349854e-01
2.357926070690155029e-01
2.374705076217651367e+00
2.649005174636840820e+00
2.028334856033325195e+00
2.720782041549682617e+00
6.164996623992919922e-01
1.226529836654663086e+00
3.661431968212127686e-01
2.574792385101318359e+00
4.591526985168457031e+00
1.159651041030883789e+00
2.311380624771118164e+00
2.370002865791320801e-01
4.166560173034667969e-01
2.365092039108276367e-01
1.449484109878540039e+00
2.474535107612609863e-01
2.690240383148193359e+00
5.409240245819091797e+00
2.559334039688110352e+00
4.093540012836456299e-01
3.890641331672668457e-01
3.883402049541473389e-01
2.617702960968017578e+00
2.536788940429687500e+00
6.764743328094482422e-01
2.276086509227752686e-01
4.658875465393066406e-01
2.050630569458007812e+00
1.698034048080444336e+00
3.731357455253601074e-01
3.667801916599273682e-01
3.442674279212951660e-01
2.082606315612792969e+00
5.442979812622070312e+00
2.441630810499191284e-01
2.254590749740600586e+00
7.156921625137329102e-01
1.064622163772583008e+00
3.802682757377624512e-01
6.504190564155578613e-01
6.933013796806335449e-01
5.824382305145263672e+00
1.696414589881896973e+00
6.117472648620605469e+00
8.059701919555664062e-01
1.176623940467834473e+00
5.950320720672607422e+00
3.968888223171234131e-01
2.529646754264831543e-01
1.665414810180664062e+00
3.961943387985229492e-01
3.790364265441894531e-01
6.327427387237548828e+00
1.183349013328552246e+00
2.060176849365234375e+00
2.457018852233886719e+00
1.336128234863281250e+00
3.548535823822021484e+00
4.493115544319152832e-01
9.594935178756713867e-01
1.243810057640075684e+00
1.023540377616882324e+00
4.065754711627960205e-01
2.390482664108276367e+00
1.543471217155456543e+00
2.212547302246093750e+00
8.353809714317321777e-01
2.133391618728637695e+00
6.430423736572265625e+00
1.388399004936218262e+00
7.506024241447448730e-01
8.322864770889282227e-01
8.142536282539367676e-01
6.795050621032714844e+00
2.235347032546997070e+00
1.870169162750244141e+00
1.531616330146789551e+00
6.435751914978027344e+00
6.194621086120605469e+00
6.066337585449218750e+00
6.420574188232421875e+00
1.431391596794128418e+00
6.608090400695800781e+00
2.677371025085449219e+00
2.168808698654174805e+00
2.675886392593383789e+00
1.056938648223876953e+00
6.408422946929931641e+00
1.075195074081420898e+00
1.796641707420349121e+00
9.014913439750671387e-01
2.011198520660400391e+00
1.889962434768676758e+00
6.389117240905761719e+00
1.195976972579956055e+00
2.097304105758666992e+00
6.242674350738525391e+00
1.263095378875732422e+00
6.522859096527099609e+00
3.191007673740386963e-01
2.213086366653442383e+00
6.005633831024169922e+00
6.333662509918212891e+00
6.266674041748046875e+00
6.022171020507812500e+00
2.450864315032958984e+00
2.480451822280883789e+00
2.445384979248046875e+00
3.939020037651062012e-01
3.518113791942596436e-01
6.271157741546630859e+00
6.116891860961914062e+00
3.751736581325531006e-01
6.527595043182373047e+00
8.327922224998474121e-01
1.005756735801696777e+00
2.070559024810791016e+00
6.360012531280517578e+00
4.058803617954254150e-01
4.020663797855377197e-01
6.466050624847412109e+00
1.069019913673400879e+00
1.675704121589660645e+00
3.661776483058929443e-01
9.133669137954711914e-01
2.039635181427001953e+00
1.377553343772888184e+00
3.684042394161224365e-01
4.011852741241455078e-01
3.634499311447143555e-01
1.666508078575134277e+00
8.821605443954467773e-01
2.301374673843383789e+00
3.875643908977508545e-01
3.333399891853332520e-01
1.893575310707092285e+00
3.434740006923675537e-01
6.874490976333618164e-01
4.213654696941375732e-01
3.742202818393707275e-01
6.264618873596191406e+00
4.059264063835144043e-01
2.954963684082031250e+00
6.469208717346191406e+00
6.324307918548583984e+00
6.162855625152587891e+00
6.215058326721191406e+00
2.266511172056198120e-01
6.397459983825683594e+00
1.057655096054077148e+00
6.315976142883300781e+00
1.151550292968750000e+00
2.156236886978149414e+00
2.094274044036865234e+00
5.156029462814331055e-01
3.468715548515319824e-01
2.260328054428100586e+00
3.994296193122863770e-01
4.460115432739257812e-01
5.956637859344482422e+00
4.440445899963378906e-01
8.618921637535095215e-01
2.205471992492675781e+00
7.913232445716857910e-01
3.617507219314575195e-01
8.285860419273376465e-01
6.408765316009521484e-01
8.382816910743713379e-01
4.576233029365539551e-01
6.629441380500793457e-01
5.054119825363159180e-01
6.747916936874389648e-01
3.706467747688293457e-01
4.380584359169006348e-01
2.257936239242553711e+00
7.828900814056396484e-01
3.404651582241058350e-01
4.333383142948150635e-01
5.314074158668518066e-01
3.615585565567016602e-01
4.677852988243103027e-01
4.808879494667053223e-01
9.042018055915832520e-01
3.700931370258331299e-01
4.325274825096130371e-01
4.501287937164306641e-01
1.004846811294555664e+00
3.869978785514831543e-01
4.276895225048065186e-01
9.370598196983337402e-01
4.117308855056762695e-01
3.167848289012908936e-01
7.024293541908264160e-01
4.769337773323059082e-01
2.323604583740234375e+00
3.274301886558532715e-01
5.336874723434448242e-01
1.950239181518554688e+00
3.526025414466857910e-01
1.872502088546752930e+00
2.645944356918334961e-01
4.223994016647338867e-01
2.017578601837158203e+00
3.352895081043243408e-01
1.077321767807006836e+00
3.678641021251678467e-01
3.441284596920013428e-01
7.886864542961120605e-01
4.187660515308380127e-01
5.018408298492431641e-01
3.430451452732086182e-01
1.727880954742431641e+00
4.458341896533966064e-01
5.957974791526794434e-01
5.028156280517578125e+00
4.830279052257537842e-01
6.142032146453857422e-01
5.057696342468261719e+00
5.258080363273620605e-01
4.276446402072906494e-01
3.340384364128112793e-01
4.780660867691040039e-01
4.609006047248840332e-01
2.292417049407958984e+00
6.818454265594482422e-01
1.387783527374267578e+00
1.835232138633728027e+00
4.515646696090698242e-01
1.076017498970031738e+00
5.266418457031250000e-01
4.527124166488647461e-01
5.928004384040832520e-01
1.709944725036621094e+00
2.009607315063476562e+00
3.731694221496582031e-01
6.438854336738586426e-01
3.388327360153198242e-01
5.105871558189392090e-01
2.213085889816284180e+00
2.294648408889770508e+00
4.404492974281311035e-01
3.100565969944000244e-01
1.976803779602050781e+00
1.865625143051147461e+00
4.981499016284942627e-01
5.116529464721679688e-01
1.750921130180358887e+00
1.573775291442871094e+00
1.847861647605895996e+00
1.667914152145385742e+00
1.969866156578063965e+00
5.134942054748535156e+00
5.473774433135986328e+00
2.807180166244506836e+00
4.902160763740539551e-01
3.249041438102722168e-01
2.958340167999267578e+00
2.343764781951904297e+00
2.101822376251220703e+00
4.773827075958251953e+00
3.505194187164306641e+00
2.575770020484924316e-01
5.452585220336914062e-01
4.017310738563537598e-01
1.450451254844665527e+00
5.511194229125976562e+00
4.173325598239898682e-01
4.599874317646026611e-01
3.112259507179260254e-01
3.411113321781158447e-01
5.795988440513610840e-01
5.882101058959960938e-01
4.341473877429962158e-01
9.625620841979980469e-01
4.321386814117431641e-01
4.469954371452331543e-01
4.154592752456665039e-01
3.535369336605072021e-01
3.494422733783721924e-01
4.631254374980926514e-01
4.768539965152740479e-01
4.540704488754272461e-01
4.464651644229888916e-01
4.563737213611602783e-01
1.837265849113464355e+00
5.293057560920715332e-01
4.593859016895294189e-01
2.507691621780395508e+00
5.401114821434020996e-01
4.871186017990112305e-01
4.733290374279022217e-01
4.386345744132995605e-01
4.236975312232971191e-01
4.544355273246765137e-01
7.543602585792541504e-01
4.689357876777648926e-01
5.182110071182250977e-01
4.106991291046142578e+00
4.572335183620452881e-01
5.796362161636352539e-01
4.851559102535247803e-01
5.360329747200012207e-01
5.419996976852416992e-01
3.090478181838989258e-01
4.574831008911132812e+00
3.962892770767211914e+00
4.994469881057739258e-01
3.953334093093872070e-01
5.354498028755187988e-01
4.926967918872833252e-01
4.953942894935607910e-01
4.274385273456573486e-01
4.773974120616912842e-01
3.006238639354705811e-01
4.339773952960968018e-01
3.332616388797760010e-01
3.200133442878723145e-01
4.498573243618011475e-01
8.108953237533569336e-01
3.166639208793640137e-01
5.189891457557678223e-01
3.132990300655364990e-01
4.554216265678405762e-01
5.975620746612548828e-01
3.058272004127502441e-01
6.214789152145385742e-01
5.683398246765136719e-01
5.462627410888671875e-01
5.565367937088012695e-01
6.062327623367309570e-01
4.339951574802398682e-01
4.387895166873931885e-01
3.328034579753875732e-01
2.190851211547851562e+00
2.003834724426269531e+00
3.760213255882263184e-01
6.190178394317626953e-01
4.559757411479949951e-01
7.473691701889038086e-01
2.235354900360107422e+00
9.248182177543640137e-01
3.973896503448486328e-01
5.053178668022155762e-01
4.111201465129852295e-01
6.879250407218933105e-01
4.047438204288482666e-01
4.334775805473327637e-01
6.993276476860046387e-01
3.576669991016387939e-01
1.883001804351806641e+00
3.394129276275634766e-01
7.926968932151794434e-01
1.942025423049926758e+00
3.830451071262359619e-01
3.609478771686553955e-01
4.156928658485412598e-01
5.401319861412048340e-01
1.831841588020324707e+00
3.123046755790710449e-01
9.187604784965515137e-01
1.207852125167846680e+00
3.047168552875518799e-01
8.997805714607238770e-01
7.680564522743225098e-01
1.942320942878723145e+00
8.233621120452880859e-01
4.811183214187622070e-01
1.555540442466735840e+00
3.021453917026519775e-01
1.601149439811706543e+00
6.566474437713623047e-01
2.026102304458618164e+00
5.417693853378295898e-01
6.924408674240112305e-01
8.588099479675292969e-01
6.801677942276000977e-01
7.053493857383728027e-01
2.194082021713256836e+00
1.659041643142700195e+00
6.240931749343872070e-01
4.316093325614929199e-01
1.881646871566772461e+00
1.160369873046875000e+00
2.186775684356689453e+00
1.908120989799499512e+00
7.102550268173217773e-01
1.090171575546264648e+00
6.293175220489501953e-01
6.664659976959228516e-01
1.879915833473205566e+00
5.998582243919372559e-01
6.377715468406677246e-01
9.198662638664245605e-01
1.811885714530944824e+00
3.477426767349243164e-01
6.657250523567199707e-01
1.022618055343627930e+00
3.293837010860443115e-01
5.658258199691772461e-01
7.395781278610229492e-01
6.516317129135131836e-01
8.481374979019165039e-01
4.159841537475585938e-01
6.103912591934204102e-01
2.003767728805541992e+00
1.317404985427856445e+00
3.993027210235595703e-01
1.812910676002502441e+00
5.762492418289184570e-01
1.629666209220886230e+00
1.965023875236511230e+00
5.129848122596740723e-01
1.940896272659301758e+00
1.432670831680297852e+00
8.872518539428710938e-01
5.888215899467468262e-01
5.723220705986022949e-01
4.275899827480316162e-01
6.140216588973999023e-01
3.938635587692260742e-01
1.708185672760009766e+00
2.575599670410156250e+00
4.787721931934356689e-01
3.297630250453948975e-01
2.256712913513183594e+00
4.227444529533386230e-01
5.089151263236999512e-01
9.378725886344909668e-01
1.104960083961486816e+00
5.366042852401733398e-01
8.937914371490478516e-01
5.057151913642883301e-01
9.727991819381713867e-01
2.636196613311767578e-01
1.067871212959289551e+00
4.193536043167114258e-01
4.685927927494049072e-01
4.483546018600463867e-01
3.676356971263885498e-01
5.278012752532958984e-01
4.506473839282989502e-01
7.962848544120788574e-01
1.493555307388305664e+00
1.059104323387145996e+00
9.325413703918457031e-01
9.010473489761352539e-01
4.588922858238220215e-01
8.045952320098876953e-01
1.121956110000610352e+00
1.690551757812500000e+00
7.765098810195922852e-01
1.860387921333312988e+00
5.747257471084594727e-01
6.783462166786193848e-01
6.683641672134399414e-01
8.637197017669677734e-01
6.702703237533569336e-01
2.884759008884429932e-01
8.027833700180053711e-01
5.020288228988647461e-01
4.151256382465362549e-01
3.371754586696624756e-01
3.779956400394439697e-01
5.353844761848449707e-01
1.895426750183105469e+00
3.385075032711029053e-01
8.851009011268615723e-01
4.043707549571990967e-01
4.105116128921508789e-01
9.664200544357299805e-01
3.974651098251342773e-01
1.863528251647949219e+00
3.362095057964324951e-01
1.059880852699279785e+00
1.757422566413879395e+00
3.504977226257324219e-01
1.131387829780578613e+00
1.563122034072875977e+00
1.602790951728820801e+00
1.389742493629455566e+00
9.156017899513244629e-01
4.024039804935455322e-01
1.374580860137939453e+00
1.504526495933532715e+00
3.866881430149078369e-01
3.402077555656433105e-01
1.626771807670593262e+00
9.546269774436950684e-01
2.031999826431274414e+00
3.767145872116088867e-01
1.546428680419921875e+00
1.534795522689819336e+00
9.546149969100952148e-01
1.394409060478210449e+00
1.454781651496887207e+00
3.157932460308074951e-01
8.917943835258483887e-01
3.909201622009277344e-01
3.429508507251739502e-01
2.539081573486328125e+00
3.855313956737518311e-01
1.567208051681518555e+00
9.008514285087585449e-01
6.753571629524230957e-01
8.875062465667724609e-01
3.312632739543914795e-01
3.169226646423339844e-01
3.282855451107025146e-01
6.915328502655029297e-01
7.806806564331054688e-01
3.303036093711853027e-01
8.517457842826843262e-01
1.914777278900146484e+00
7.500446438789367676e-01
8.419439792633056641e-01
7.570337653160095215e-01
7.403708696365356445e-01
1.795433759689331055e+00
1.116382837295532227e+00
1.580926775932312012e+00
1.727125525474548340e+00
1.179331064224243164e+00
1.669947385787963867e+00
1.901157021522521973e+00
7.065588831901550293e-01
1.738193511962890625e+00
3.350525498390197754e-01
1.961753010749816895e+00
3.247751593589782715e-01
2.477961480617523193e-01
1.810423135757446289e+00
2.503221929073333740e-01
2.123983383178710938e+00
2.777533233165740967e-01
1.800295710563659668e+00
2.150442361831665039e+00
2.949295341968536377e-01
1.333038091659545898e+00
3.166804611682891846e-01
1.153524279594421387e+00
1.697119116783142090e+00
1.268724560737609863e+00
5.325946807861328125e-01
2.948803424835205078e+00
2.829768359661102295e-01
5.459619760513305664e-01
8.218828439712524414e-01
9.078075289726257324e-01
2.904440402984619141e+00
2.853516638278961182e-01
2.968471050262451172e+00
8.220049142837524414e-01
1.673420786857604980e+00
3.020213246345520020e-01
2.648065328598022461e+00
8.683468699455261230e-01
2.745735168457031250e+00
2.765995502471923828e+00
3.100434064865112305e+00
2.648400068283081055e-01
1.784419655799865723e+00
6.037864089012145996e-01
3.322021722793579102e+00
3.024235010147094727e+00
4.024450778961181641e-01
3.151086807250976562e+00
2.552003562450408936e-01
2.842493057250976562e-01
2.899894714355468750e-01
1.169466137886047363e+00
2.390490293502807617e+00
2.560303807258605957e-01
5.522608160972595215e-01
3.570525944232940674e-01
5.660392045974731445e-01
5.495134592056274414e-01
2.588124036788940430e+00
2.701634883880615234e+00
3.135973215103149414e+00
3.111418187618255615e-01
3.247462213039398193e-01
1.559610962867736816e+00
3.192317187786102295e-01
2.925858497619628906e-01
5.014650225639343262e-01
3.116142034530639648e+00
6.691554784774780273e-01
5.348489880561828613e-01
3.268693447113037109e+00
4.895903468132019043e-01
2.525828778743743896e-01
3.224658250808715820e+00
5.252480506896972656e-01
2.577640116214752197e-01
2.493914812803268433e-01
5.085613727569580078e-01
3.303728342056274414e+00
3.159857988357543945e+00
3.393187046051025391e+00
3.364943981170654297e+00
3.206621408462524414e+00
3.494109630584716797e+00
3.405073404312133789e+00
2.465551048517227173e-01
3.549170255661010742e+00
2.220083475112915039e+00
2.397051811218261719e+00
4.475440382957458496e-01
2.603146433830261230e-01
2.765576839447021484e-01
3.005082130432128906e+00
2.531380653381347656e-01
6.164895296096801758e-01
3.094821214675903320e+00
3.161755800247192383e+00
2.213370561599731445e+00
5.365052819252014160e-01
2.182127982378005981e-01
5.283773541450500488e-01
1.910208344459533691e+00
1.760963320732116699e+00
3.296349525451660156e+00
2.294977605342864990e-01
3.118164777755737305e+00
2.649594306945800781e+00
1.636974334716796875e+00
3.329733133316040039e+00
6.885673999786376953e-01
2.456735074520111084e-01
1.744380354881286621e+00
1.704467296600341797e+00
1.571858286857604980e+00
3.208611726760864258e+00
2.773039638996124268e-01
2.487113714218139648e+00
4.811549186706542969e-01
2.370309978723526001e-01
2.365023046731948853e-01
3.222295522689819336e+00
2.600212395191192627e-01
3.144952774047851562e+00
3.423214197158813477e+00
2.489217072725296021e-01
2.531831264495849609e+00
2.722364366054534912e-01
2.667974233627319336e-01
5.505317449569702148e-01
5.516774058341979980e-01
3.321316957473754883e+00
2.062156438827514648e+00
3.717152833938598633e+00
4.240901947021484375e+00
4.661902427673339844e+00
3.153039455413818359e+00
4.017396867275238037e-01
1.960060358047485352e+00
4.256458878517150879e-01
5.230900764465332031e+00
2.924879491329193115e-01
3.483521699905395508e+00
4.302503585815429688e+00
3.557228088378906250e+00
3.360568284988403320e+00
1.126685976982116699e+00
4.226576089859008789e-01
3.183468580245971680e+00
4.875139713287353516e+00
5.317405223846435547e+00
2.136936932802200317e-01
5.239599704742431641e+00
4.793490409851074219e+00
3.072741925716400146e-01
2.383542805910110474e-01
7.413053512573242188e-01
2.979239821434020996e-01
3.176578044891357422e+00
2.212203592061996460e-01
2.882118821144104004e-01
2.936620712280273438e-01
3.232046127319335938e+00
3.229325771331787109e+00
3.224679946899414062e+00
2.623745501041412354e-01
1.818426489830017090e+00
2.187298774719238281e+00
2.512065768241882324e-01
1.034514069557189941e+00
1.857365727424621582e+00
2.860291004180908203e-01
4.940859317779541016e+00
5.051677227020263672e-01
4.844016134738922119e-01
5.200739860534667969e+00
2.255270004272460938e+00
5.621443271636962891e+00
2.835757732391357422e-01
5.740795135498046875e+00
6.972767114639282227e-01
4.158666133880615234e+00
4.648367762565612793e-01
8.531364202499389648e-01
8.383496403694152832e-01
5.105974674224853516e+00
3.861102819442749023e+00
4.255053997039794922e+00
5.060163974761962891e+00
4.227892875671386719e+00
3.304032564163208008e+00
2.681958675384521484e-01
3.053888797760009766e+00
4.050797462463378906e+00
4.141563415527343750e+00
4.348865032196044922e+00
1.851063966751098633e+00
2.723884582519531250e-01
3.104316473007202148e+00
4.802841663360595703e+00
3.945723295211791992e+00
3.630193173885345459e-01
2.525110840797424316e-01
3.890690326690673828e+00
8.689988255500793457e-01
5.642588138580322266e-01
4.950264692306518555e-01
2.690890133380889893e-01
2.689267396926879883e-01
2.678077816963195801e-01
2.697679400444030762e-01
5.568681955337524414e-01
2.550554871559143066e-01
2.977305352687835693e-01
3.784072399139404297e+00
2.058191776275634766e+00
1.788959980010986328e+00
2.668923735618591309e-01
5.806849002838134766e-01
5.779694318771362305e-01
5.028079748153686523e-01
5.516843795776367188e-01
2.954019308090209961e-01
3.057501316070556641e-01
7.745302319526672363e-01
5.486776828765869141e-01
3.554601907730102539e+00
5.779944658279418945e-01
4.366784095764160156e-01
3.075578451156616211e+00
3.100127279758453369e-01
9.146314859390258789e-01
2.597118020057678223e-01
6.859611272811889648e-01
3.935560584068298340e-01
2.516447901725769043e-01
2.473652660846710205e-01
3.052204608917236328e+00
2.465072125196456909e-01
4.080088138580322266e+00
5.228548049926757812e-01
2.606770277023315430e+00
2.480286955833435059e-01
2.783656597137451172e+00
3.488774597644805908e-01
2.480705827474594116e-01
7.306847572326660156e-01
6.936336159706115723e-01
7.669865489006042480e-01
7.452755570411682129e-01
7.830716371536254883e-01
1.769044280052185059e+00
3.415089249610900879e-01
2.684043645858764648e-01
3.868057489395141602e+00
2.089872837066650391e+00
7.729028463363647461e-01
2.402565628290176392e-01
2.497047036886215210e-01
3.397955298423767090e-01
2.455758750438690186e-01
5.633037090301513672e-01
3.230777740478515625e+00
6.959255933761596680e-01
2.370917350053787231e-01
2.534597218036651611e-01
2.644391357898712158e-01
2.531000077724456787e-01
6.793462634086608887e-01
2.773444950580596924e-01
2.719863355159759521e-01
5.223397016525268555e-01
2.974712848663330078e-01
3.206317722797393799e-01
2.959792137145996094e+00
5.961016416549682617e-01
3.162818431854248047e+00
5.693423151969909668e-01
7.498969435691833496e-01
2.592992544174194336e+00
3.368024826049804688e+00
1.599684596061706543e+00
2.990509033203125000e+00
2.262472391128540039e+00
2.555309236049652100e-01
1.500982403755187988e+00
