1.000000000000000000e+00 0.000000000000000000e+00 0.000000000000000000e+00
2.000000000000000000e+00 3.840602668356390970e-02 1.386008399705657319e-02
3.000000000000000000e+00 3.013341781955151955e-02 8.521449684616287656e-03
4.000000000000000000e+00 1.629879959164994702e-02 7.530363133553869340e-03
5.000000000000000000e+00 1.126482909142112812e-02 9.683622345568624950e-04
6.000000000000000000e+00 6.934910409406132119e-03 1.715986349097943552e-03
7.000000000000000000e+00 3.199915513781814019e-02 1.107695079083335227e-02
8.000000000000000000e+00 5.069173091139508175e-02 1.200483714279416275e-02
9.000000000000000000e+00 1.170486147780476632e-01 4.531039025476008009e-02
1.000000000000000000e+01 4.681944591121906668e-02 9.977468862787860007e-03
1.100000000000000000e+01 2.485302918294786390e-02 4.671569915525473557e-03
1.200000000000000000e+01 5.125497236596613521e-02 1.750464445880262412e-02
1.300000000000000000e+01 2.436019291019819039e-02 4.781232655796057926e-03
1.400000000000000000e+01 7.469989791248636546e-02 1.894180312048700590e-02
1.500000000000000000e+01 1.123314675960150610e-01 6.097022417386696071e-03
1.600000000000000000e+01 4.840356250220016060e-02 7.214793726071777082e-03
1.700000000000000000e+01 6.642728904847396143e-02 1.455627696049946462e-02
1.800000000000000000e+01 3.967331995634879038e-02 1.149722670430358695e-02
1.900000000000000000e+01 5.973879677544267214e-02 2.167749307884640070e-02
2.000000000000000000e+01 8.054352800366107457e-02 1.234600589002556037e-02
2.100000000000000000e+01 3.925088886542049682e-02 5.228312240822932493e-03
2.200000000000000000e+01 2.305769704650262319e-02 5.765722790847606187e-03
2.300000000000000000e+01 1.464427781884746795e-02 2.433328377948833481e-03
2.400000000000000000e+01 9.325166332242053324e-02 3.717940085533632394e-02
2.500000000000000000e+01 3.854683704720667653e-02 3.906250000000000000e-03
2.600000000000000000e+01 6.167493927553067967e-02 9.206400212385158072e-03
2.700000000000000000e+01 5.378955891153588964e-02 8.598967344761468401e-03
2.800000000000000000e+01 8.916816277678037139e-02 3.155144202685843807e-02
2.900000000000000000e+01 6.322385327560108015e-02 1.080007022186636224e-02
3.000000000000000000e+01 2.383215404653782690e-02 7.794568225137813756e-03
3.100000000000000000e+01 1.077903333685359261e-01 4.704974306765605241e-02
3.200000000000000000e+01 3.361847431970992756e-02 8.505156495652119869e-03
3.300000000000000000e+01 1.314112718696096027e-01 7.559494240913591963e-03
3.400000000000000000e+01 1.115218080050691674e-01 5.226976090333652382e-03
3.500000000000000000e+01 7.994508395817932767e-02 5.130925229292149226e-03
3.600000000000000000e+01 6.572323723026014808e-02 2.052408378968069089e-02
3.700000000000000000e+01 7.888900623085859376e-02 1.421947223275292840e-02
3.800000000000000000e+01 1.475692610976167829e-01 2.863737725669068812e-02
3.900000000000000000e+01 2.208962579645862012e-01 5.165312409087356033e-02
4.000000000000000000e+01 4.967085577498504129e-02 7.801517575507275516e-03
4.100000000000000000e+01 4.079980286549089730e-02 7.164517385087386912e-03
4.200000000000000000e+01 1.308480304150385354e-01 9.473379589267472145e-03
4.300000000000000000e+01 1.320097159150913566e-02 3.660694484769289308e-03
4.400000000000000000e+01 0.000000000000000000e+00 0.000000000000000000e+00
