1.000000000000000000e+00 0.000000000000000000e+00 0.000000000000000000e+00
2.000000000000000000e+00 4.505931636568451075e-03 6.820098374360285308e-04
3.000000000000000000e+00 3.706832822895764906e-02 5.193012273292428073e-03
4.000000000000000000e+00 6.009082268454958575e-02 7.867248746108885041e-03
5.000000000000000000e+00 1.540113352342732389e-01 1.230194386669124576e-02
6.000000000000000000e+00 3.862780300630126451e-01 2.895936467829263519e-02
7.000000000000000000e+00 4.582321258844651024e-01 4.435200326618896072e-02
8.000000000000000000e+00 4.848804872038581792e-01 5.276678113938767373e-02
9.000000000000000000e+00 4.066955327912134543e-01 5.269882098565201872e-02
1.000000000000000000e+01 3.227373534692153378e-01 5.316981702446079566e-02
1.100000000000000000e+01 3.352342732425106497e-01 5.177220558276941775e-02
1.200000000000000000e+01 2.825711972401168670e-01 4.717535658055584114e-02
1.300000000000000000e+01 2.464533389657478923e-01 4.071424658135276015e-02
1.400000000000000000e+01 2.204386242827472142e-01 3.729243052178017603e-02
1.500000000000000000e+01 1.545393740979336128e-01 2.773050563308449012e-02
1.600000000000000000e+01 8.230365754919562182e-02 1.101255465390026111e-02
1.700000000000000000e+01 6.797620304854437578e-02 9.056036675022452812e-03
1.800000000000000000e+01 0.000000000000000000e+00 0.000000000000000000e+00
1.900000000000000000e+01 0.000000000000000000e+00 0.000000000000000000e+00
2.000000000000000000e+01 0.000000000000000000e+00 0.000000000000000000e+00
2.100000000000000000e+01 7.744570000352026234e-04 8.014859611003965351e-04
2.200000000000000000e+01 7.392544091245115655e-03 2.564645682265077279e-03
2.300000000000000000e+01 1.084239800049283629e-02 3.522104015198610459e-03
2.400000000000000000e+01 1.767170063716689415e-02 4.107506169330771978e-03
2.500000000000000000e+01 2.122716231914668905e-02 5.299173357213925878e-03
2.600000000000000000e+01 4.329918682014996523e-02 8.458793359650693816e-03
2.700000000000000000e+01 4.791072622945048709e-02 1.051096897151721637e-02
2.800000000000000000e+01 5.516245995705283678e-02 1.301464688837845537e-02
2.900000000000000000e+01 7.702326891259196617e-02 1.748067280314599681e-02
3.000000000000000000e+01 6.621607350300981465e-02 2.314234192066314325e-02
3.100000000000000000e+01 5.312070968423276279e-02 2.221157725295370630e-02
3.200000000000000000e+01 0.000000000000000000e+00 0.000000000000000000e+00
3.300000000000000000e+01 2.566268877389375758e-02 5.769315657464920734e-03
3.400000000000000000e+01 9.550462914070476095e-02 3.031469041613373688e-02
3.500000000000000000e+01 1.018410955046291366e-01 3.084631293334180388e-02
3.600000000000000000e+01 1.003273840954694296e-01 3.714213368433317425e-02
3.700000000000000000e+01 1.142676100961030755e-01 3.965213821785520260e-02
3.800000000000000000e+01 9.680712500440032120e-02 2.733458637911605205e-02
3.900000000000000000e+01 9.219558559509979934e-02 2.649482765178750102e-02
4.000000000000000000e+01 7.181328545780969741e-02 2.047952051475908364e-02
4.100000000000000000e+01 2.020628718273664859e-02 3.762142557115269719e-03
4.200000000000000000e+01 8.659837364029992005e-03 2.358945374419896875e-03
4.300000000000000000e+01 0.000000000000000000e+00 0.000000000000000000e+00
4.400000000000000000e+01 0.000000000000000000e+00 0.000000000000000000e+00
